  0.10000000000000001        1.7178436664833267E-004   1.7178436664833267E-004
  0.15000000000000002        1.7186554275619415E-004   1.7186554275619415E-004
  0.20000000000000001        1.7197173197111258E-004   1.7197173197111258E-004
  0.25000000000000000        1.7209951346776849E-004   1.7209951346776849E-004
  0.30000000000000004        1.7224594802737916E-004   1.7224594802737916E-004
  0.35000000000000003        1.7240850971000408E-004   1.7240850971000408E-004
  0.40000000000000002        1.7258502734324700E-004   1.7258502734324700E-004
  0.45000000000000001        1.7277363439563182E-004   1.7277363439563182E-004
  0.50000000000000000        1.7297272604386801E-004   1.7297272604386801E-004
  0.55000000000000004        1.7318092233497255E-004   1.7318092233497255E-004
  0.60000000000000009        1.7339703659074551E-004   1.7339703659074551E-004
  0.65000000000000002        1.7362004824569171E-004   1.7362004824569171E-004
  0.70000000000000007        1.7384907959354951E-004   1.7384907959354951E-004
  0.75000000000000000        1.7408337577398721E-004   1.7408337577398721E-004
  0.80000000000000004        1.7432228754440880E-004   1.7432228754440880E-004
  0.85000000000000009        1.7456525655253015E-004   1.7456525655253015E-004
  0.90000000000000002        1.7481180259138320E-004   1.7481180259138320E-004
  0.95000000000000007        1.7506151270064258E-004   1.7506151270064258E-004
   1.0000000000000000        1.7531403178672189E-004   1.7531403178672189E-004
   1.0500000000000000        1.7556905451243036E-004   1.7556905451243036E-004
   1.1000000000000001        1.7582631838739904E-004   1.7582631838739904E-004
   1.1500000000000001        1.7608559775519395E-004   1.7608559775519395E-004
   1.2000000000000002        1.7634669870371345E-004   1.7634669870371345E-004
   1.2500000000000000        1.7660945459704904E-004   1.7660945459704904E-004
   1.3000000000000000        1.7687372229575673E-004   1.7687372229575673E-004
   1.3500000000000001        1.7713937885692493E-004   1.7713937885692493E-004
   1.4000000000000001        1.7740631875462839E-004   1.7740631875462839E-004
   1.4500000000000002        1.7767445143894098E-004   1.7767445143894098E-004
   1.5000000000000000        1.7794369922543158E-004   1.7794369922543158E-004
   1.5500000000000000        1.7821399553970174E-004   1.7821399553970174E-004
   1.6000000000000001        1.7848528334732901E-004   1.7848528334732901E-004
   1.6500000000000001        1.7875751385597663E-004   1.7875751385597663E-004
   1.7000000000000002        1.7903064532574724E-004   1.7903064532574724E-004
   1.7500000000000000        1.7930464210531209E-004   1.7930464210531209E-004
   1.8000000000000000        1.7957947378648134E-004   1.7957947378648134E-004
   1.8500000000000001        1.7985511449078578E-004   1.7985511449078578E-004
   1.9000000000000001        1.8013154222214792E-004   1.8013154222214792E-004
   1.9500000000000002        1.8040873830197409E-004   1.8040873830197409E-004
   2.0000000000000000        1.8068668696090190E-004   1.8068668696090190E-004
   2.0500000000000003        1.8096537490461915E-004   1.8096537490461915E-004
   2.1000000000000001        1.8124479095148218E-004   1.8124479095148218E-004
   2.1499999999999999        1.8152492581046930E-004   1.8152492581046930E-004
   2.2000000000000002        1.8180577171915939E-004   1.8180577171915939E-004
   2.2500000000000000        1.8208732232682383E-004   1.8208732232682383E-004
   2.3000000000000003        1.8236957243119450E-004   1.8236957243119450E-004
   2.3500000000000001        1.8265251782904887E-004   1.8265251782904887E-004
   2.4000000000000004        1.8293615522739387E-004   1.8293615522739387E-004
   2.4500000000000002        1.8322048205918131E-004   1.8322048205918131E-004
   2.5000000000000000        1.8350549641284037E-004   1.8350549641284037E-004
   2.5500000000000003        1.8379119694545269E-004   1.8379119694545269E-004
   2.6000000000000001        1.8407758278886303E-004   1.8407758278886303E-004
   2.6500000000000004        1.8436465348898136E-004   1.8436465348898136E-004
   2.7000000000000002        1.8465240896459742E-004   1.8465240896459742E-004
   2.7500000000000000        1.8494084942026874E-004   1.8494084942026874E-004
   2.8000000000000003        1.8522997536220696E-004   1.8522997536220696E-004
   2.8500000000000001        1.8551978751442383E-004   1.8551978751442383E-004
   2.9000000000000004        1.8581028677806740E-004   1.8581028677806740E-004
   2.9500000000000002        1.8610147426832328E-004   1.8610147426832328E-004
   3.0000000000000000        1.8639335121823543E-004   1.8639335121823543E-004
   3.0500000000000003        1.8668591903455161E-004   1.8668591903455161E-004
   3.1000000000000001        1.8697917919470751E-004   1.8697917919470751E-004
   3.1500000000000004        1.8727313328708152E-004   1.8727313328708152E-004
   3.2000000000000002        1.8756778299417560E-004   1.8756778299417560E-004
   3.2500000000000000        1.8786313008031504E-004   1.8786313008031504E-004
   3.3000000000000003        1.8815917636249473E-004   1.8815917636249473E-004
   3.3500000000000001        1.8845592373507454E-004   1.8845592373507454E-004
   3.4000000000000004        1.8875337412963981E-004   1.8875337412963981E-004
   3.4500000000000002        1.8905152951353749E-004   1.8905152951353749E-004
   3.5000000000000000        1.8935039192118975E-004   1.8935039192118975E-004
   3.5500000000000003        1.8964996340218248E-004   1.8964996340218248E-004
   3.6000000000000001        1.8995024604240854E-004   1.8995024604240854E-004
   3.6500000000000004        1.9025124196671661E-004   1.9025124196671661E-004
   3.7000000000000002        1.9055295332158319E-004   1.9055295332158319E-004
   3.7500000000000000        1.9085538227818280E-004   1.9085538227818280E-004
   3.8000000000000003        1.9115853101445900E-004   1.9115853101445900E-004
   3.8500000000000001        1.9146240174986980E-004   1.9146240174986980E-004
   3.9000000000000004        1.9176699671545164E-004   1.9176699671545164E-004
   3.9500000000000002        1.9207231814660105E-004   1.9207231814660105E-004
   4.0000000000000000        1.9237836830889415E-004   1.9237836830889415E-004
   4.0499999999999998        1.9268514949875108E-004   1.9268514949875108E-004
   4.1000000000000005        1.9299266400012426E-004   1.9299266400012426E-004
   4.1500000000000004        1.9330091410648420E-004   1.9330091410648420E-004
   4.2000000000000002        1.9360990214953056E-004   1.9360990214953056E-004
   4.2500000000000000        1.9391963045666531E-004   1.9391963045666531E-004
   4.2999999999999998        1.9423010137669736E-004   1.9423010137669736E-004
   4.3500000000000005        1.9454131726152489E-004   1.9454131726152489E-004
   4.4000000000000004        1.9485328048332755E-004   1.9485328048332755E-004
   4.4500000000000002        1.9516599342691161E-004   1.9516599342691161E-004
   4.5000000000000000        1.9547945847574083E-004   1.9547945847574083E-004
   4.5499999999999998        1.9579367802370843E-004   1.9579367802370843E-004
   4.6000000000000005        1.9610865449594769E-004   1.9610865449594769E-004
   4.6500000000000004        1.9642439030695695E-004   1.9642439030695695E-004
   4.7000000000000002        1.9674088790123346E-004   1.9674088790123346E-004
   4.7500000000000000        1.9705814972164433E-004   1.9705814972164433E-004
   4.8000000000000007        1.9737617821346517E-004   1.9737617821346517E-004
   4.8500000000000005        1.9769497585425493E-004   1.9769497585425493E-004
   4.9000000000000004        1.9801454511044416E-004   1.9801454511044416E-004
   4.9500000000000002        1.9833488846943812E-004   1.9833488846943812E-004
   5.0000000000000000        1.9865600843244175E-004   1.9865600843244175E-004
   5.0500000000000007        1.9897790749027984E-004   1.9897790749027984E-004
   5.1000000000000005        1.9930058818302260E-004   1.9930058818302260E-004
   5.1500000000000004        1.9962405303103019E-004   1.9962405303103019E-004
   5.2000000000000002        1.9994830457290111E-004   1.9994830457290111E-004
   5.2500000000000000        2.0027334534590831E-004   2.0027334534590831E-004
   5.3000000000000007        2.0059917792410276E-004   2.0059917792410276E-004
   5.3500000000000005        2.0092580487453523E-004   2.0092580487453523E-004
   5.4000000000000004        2.0125322876695374E-004   2.0125322876695374E-004
   5.4500000000000002        2.0158145220769731E-004   2.0158145220769731E-004
   5.5000000000000000        2.0191047778225424E-004   2.0191047778225424E-004
   5.5500000000000007        2.0224030810486287E-004   2.0224030810486287E-004
   5.6000000000000005        2.0257094580937120E-004   2.0257094580937120E-004
   5.6500000000000004        2.0290239352461657E-004   2.0290239352461657E-004
   5.7000000000000002        2.0323465389456301E-004   2.0323465389456301E-004
   5.7500000000000000        2.0356772956351118E-004   2.0356772956351118E-004
   5.8000000000000007        2.0390162320814149E-004   2.0390162320814149E-004
   5.8500000000000005        2.0423633749636755E-004   2.0423633749636755E-004
   5.9000000000000004        2.0457187514827819E-004   2.0457187514827819E-004
   5.9500000000000002        2.0490823881933728E-004   2.0490823881933728E-004
   6.0000000000000000        2.0524543123974506E-004   2.0524543123974506E-004
   6.0500000000000007        2.0558345513985279E-004   2.0558345513985279E-004
   6.1000000000000005        2.0592231322586339E-004   2.0592231322586339E-004
   6.1500000000000004        2.0626200826056988E-004   2.0626200826056988E-004
   6.2000000000000002        2.0660254298350658E-004   2.0660254298350658E-004
   6.2500000000000000        2.0694392016756477E-004   2.0694392016756477E-004
   6.3000000000000007        2.0728614260592500E-004   2.0728614260592500E-004
   6.3500000000000005        2.0762921307424697E-004   2.0762921307424697E-004
   6.4000000000000004        2.0797313437009971E-004   2.0797313437009971E-004
   6.4500000000000002        2.0831790931777846E-004   2.0831790931777846E-004
   6.5000000000000000        2.0866354071999880E-004   2.0866354071999880E-004
   6.5500000000000007        2.0901003142806754E-004   2.0901003142806754E-004
   6.6000000000000005        2.0935738428559084E-004   2.0935738428559084E-004
   6.6500000000000004        2.0970560214851022E-004   2.0970560214851022E-004
   6.7000000000000002        2.1005468789667538E-004   2.1005468789667538E-004
   6.7500000000000000        2.1040464439814007E-004   2.1040464439814007E-004
   6.8000000000000007        2.1075547457184685E-004   2.1075547457184685E-004
   6.8500000000000005        2.1110718128781008E-004   2.1110718128781008E-004
   6.9000000000000004        2.1145976748700889E-004   2.1145976748700889E-004
   6.9500000000000002        2.1181323609929486E-004   2.1181323609929486E-004
   7.0000000000000000        2.1216759007581498E-004   2.1216759007581498E-004
   7.0500000000000007        2.1252283234279425E-004   2.1252283234279425E-004
   7.1000000000000005        2.1287896589133190E-004   2.1287896589133190E-004
   7.1500000000000004        2.1323599370216094E-004   2.1323599370216094E-004
   7.2000000000000002        2.1359391875753222E-004   2.1359391875753222E-004
   7.2500000000000000        2.1395274405855056E-004   2.1395274405855056E-004
   7.3000000000000007        2.1431247264520697E-004   2.1431247264520697E-004
   7.3500000000000005        2.1467310752451796E-004   2.1467310752451796E-004
   7.4000000000000004        2.1503465173588424E-004   2.1503465173588424E-004
   7.4500000000000002        2.1539710836385970E-004   2.1539710836385970E-004
   7.5000000000000000        2.1576048046017756E-004   2.1576048046017756E-004
   7.5500000000000007        2.1612477110158500E-004   2.1612477110158500E-004
   7.6000000000000005        2.1648998338559176E-004   2.1648998338559176E-004
   7.6500000000000004        2.1685612042157928E-004   2.1685612042157928E-004
   7.7000000000000002        2.1722318532957241E-004   2.1722318532957241E-004
   7.7500000000000000        2.1759118124793381E-004   2.1759118124793381E-004
   7.8000000000000007        2.1796011129765735E-004   2.1796011129765735E-004
   7.8500000000000005        2.1832997867704749E-004   2.1832997867704749E-004
   7.9000000000000004        2.1870078652184551E-004   2.1870078652184551E-004
   7.9500000000000002        2.1907253805204365E-004   2.1907253805204365E-004
   8.0000000000000000        2.1944523645189653E-004   2.1944523645189653E-004
   8.0500000000000007        2.1981888493428824E-004   2.1981888493428824E-004
   8.0999999999999996        2.2019348673109730E-004   2.2019348673109730E-004
   8.1500000000000004        2.2056904509039224E-004   2.2056904509039224E-004
   8.2000000000000011        2.2094556325785779E-004   2.2094556325785779E-004
   8.2500000000000000        2.2132304449959218E-004   2.2132304449959218E-004
   8.3000000000000007        2.2170149210134159E-004   2.2170149210134159E-004
   8.3499999999999996        2.2208090935714960E-004   2.2208090935714960E-004
   8.4000000000000004        2.2246129958698591E-004   2.2246129958698591E-004
   8.4500000000000011        2.2284266610644187E-004   2.2284266610644187E-004
   8.5000000000000000        2.2322501226431035E-004   2.2322501226431035E-004
   8.5500000000000007        2.2360834141099654E-004   2.2360834141099654E-004
   8.5999999999999996        2.2399265690609230E-004   2.2399265690609230E-004
   8.6500000000000004        2.2437796213476544E-004   2.2437796213476544E-004
   8.7000000000000011        2.2476426049088371E-004   2.2476426049088371E-004
   8.7500000000000000        2.2515155539834126E-004   2.2515155539834126E-004
   8.8000000000000007        2.2553985026121240E-004   2.2553985026121240E-004
   8.8499999999999996        2.2592914854076331E-004   2.2592914854076331E-004
   8.9000000000000004        2.2631945369623797E-004   2.2631945369623797E-004
   8.9500000000000011        2.2671076917001501E-004   2.2671076917001501E-004
   9.0000000000000000        2.2710309847551107E-004   2.2710309847551107E-004
   9.0500000000000007        2.2749644509315319E-004   2.2749644509315319E-004
   9.0999999999999996        2.2789081255714862E-004   2.2789081255714862E-004
   9.1500000000000004        2.2828620438710841E-004   2.2828620438710841E-004
   9.2000000000000011        2.2868262411197238E-004   2.2868262411197238E-004
   9.2500000000000000        2.2908007533024125E-004   2.2908007533024125E-004
   9.3000000000000007        2.2947856159383358E-004   2.2947856159383358E-004
   9.3499999999999996        2.2987808650298805E-004   2.2987808650298805E-004
   9.4000000000000004        2.3027865365554031E-004   2.3027865365554031E-004
   9.4500000000000011        2.3068026669352846E-004   2.3068026669352846E-004
   9.5000000000000000        2.3108292924376637E-004   2.3108292924376637E-004
   9.5500000000000007        2.3148664494727385E-004   2.3148664494727385E-004
   9.6000000000000014        2.3189141749099470E-004   2.3189141749099470E-004
   9.6500000000000004        2.3229725056443288E-004   2.3229725056443288E-004
   9.7000000000000011        2.3270414785817967E-004   2.3270414785817967E-004
   9.7500000000000000        2.3311211308856263E-004   2.3311211308856263E-004
   9.8000000000000007        2.3352115000113734E-004   2.3352115000113734E-004
   9.8500000000000014        2.3393126235677706E-004   2.3393126235677706E-004
   9.9000000000000004        2.3434245391077497E-004   2.3434245391077497E-004
   9.9500000000000011        2.3475472846061835E-004   2.3475472846061835E-004
   10.000000000000000        2.3516808979314564E-004   2.3516808979314564E-004
   10.050000000000001        2.3558254170520887E-004   2.3558254170520887E-004
   10.100000000000001        2.3599808807501331E-004   2.3599808807501331E-004
   10.150000000000000        2.3641473273117302E-004   2.3641473273117302E-004
   10.200000000000001        2.3683247954410641E-004   2.3683247954410641E-004
   10.250000000000000        2.3725133239528500E-004   2.3725133239528500E-004
   10.300000000000001        2.3767129519005356E-004   2.3767129519005356E-004
   10.350000000000001        2.3809237184752960E-004   2.3809237184752960E-004
   10.400000000000000        2.3851456631337453E-004   2.3851456631337453E-004
   10.450000000000001        2.3893788252953591E-004   2.3893788252953591E-004
   10.500000000000000        2.3936232447288857E-004   2.3936232447288857E-004
   10.550000000000001        2.3978789612756952E-004   2.3978789612756952E-004
   10.600000000000001        2.4021460150477707E-004   2.4021460150477707E-004
   10.650000000000000        2.4064244463638755E-004   2.4064244463638755E-004
   10.700000000000001        2.4107142955374756E-004   2.4107142955374756E-004
   10.750000000000000        2.4150156031619912E-004   2.4150156031619912E-004
   10.800000000000001        2.4193284101700464E-004   2.4193284101700464E-004
   10.850000000000001        2.4236527573735526E-004   2.4236527573735526E-004
   10.900000000000000        2.4279886860067217E-004   2.4279886860067217E-004
   10.950000000000001        2.4323362373466329E-004   2.4323362373466329E-004
   11.000000000000000        2.4366954530618154E-004   2.4366954530618154E-004
   11.050000000000001        2.4410663746326483E-004   2.4410663746326483E-004
   11.100000000000001        2.4454490439794279E-004   2.4454490439794279E-004
   11.150000000000000        2.4498435032570162E-004   2.4498435032570162E-004
   11.200000000000001        2.4542497947004077E-004   2.4542497947004077E-004
   11.250000000000000        2.4586679608920261E-004   2.4586679608920261E-004
   11.300000000000001        2.4630980443494032E-004   2.4630980443494032E-004
   11.350000000000001        2.4675400879152818E-004   2.4675400879152818E-004
   11.400000000000000        2.4719941345867070E-004   2.4719941345867070E-004
   11.450000000000001        2.4764602278135712E-004   2.4764602278135712E-004
   11.500000000000000        2.4809384106254970E-004   2.4809384106254970E-004
   11.550000000000001        2.4854287270012552E-004   2.4854287270012552E-004
   11.600000000000001        2.4899312205266461E-004   2.4899312205266461E-004
   11.650000000000000        2.4944459352520796E-004   2.4944459352520796E-004
   11.700000000000001        2.4989729153818417E-004   2.4989729153818417E-004
   11.750000000000000        2.5035122052949327E-004   2.5035122052949327E-004
   11.800000000000001        2.5080638496899566E-004   2.5080638496899566E-004
   11.850000000000001        2.5126278932976353E-004   2.5126278932976353E-004
   11.900000000000000        2.5172043811057439E-004   2.5172043811057439E-004
   11.950000000000001        2.5217933583619100E-004   2.5217933583619100E-004
   12.000000000000000        2.5263948705053026E-004   2.5263948705053026E-004
   12.050000000000001        2.5310089631881564E-004   2.5310089631881564E-004
   12.100000000000001        2.5356356822057573E-004   2.5356356822057573E-004
   12.150000000000000        2.5402750736026002E-004   2.5402750736026002E-004
   12.200000000000001        2.5449271836857420E-004   2.5449271836857420E-004
   12.250000000000000        2.5495920588329188E-004   2.5495920588329188E-004
   12.300000000000001        2.5542697456716417E-004   2.5542697456716417E-004
   12.350000000000001        2.5589602911845095E-004   2.5589602911845095E-004
   12.400000000000000        2.5636637424084660E-004   2.5636637424084660E-004
   12.450000000000001        2.5683801465695421E-004   2.5683801465695421E-004
   12.500000000000000        2.5731095514381318E-004   2.5731095514381318E-004
   12.550000000000001        2.5778520046270998E-004   2.5778520046270998E-004
   12.600000000000001        2.5826075543581510E-004   2.5826075543581510E-004
   12.650000000000000        2.5873762484978290E-004   2.5873762484978290E-004
   12.700000000000001        2.5921581355658324E-004   2.5921581355658324E-004
   12.750000000000000        2.5969532643563243E-004   2.5969532643563243E-004
   12.800000000000001        2.6017616835190548E-004   2.6017616835190548E-004
   12.850000000000001        2.6065834420741809E-004   2.6065834420741809E-004
   12.900000000000000        2.6114185896394397E-004   2.6114185896394397E-004
   12.950000000000001        2.6162671754773037E-004   2.6162671754773037E-004
   13.000000000000000        2.6211292494206462E-004   2.6211292494206462E-004
   13.050000000000001        2.6260048615376507E-004   2.6260048615376507E-004
   13.100000000000001        2.6308940620248944E-004   2.6308940620248944E-004
   13.150000000000000        2.6357969013491981E-004   2.6357969013491981E-004
   13.200000000000001        2.6407134300553131E-004   2.6407134300553131E-004
   13.250000000000000        2.6456436993464467E-004   2.6456436993464467E-004
   13.300000000000001        2.6505877603225748E-004   2.6505877603225748E-004
   13.350000000000001        2.6555456643585697E-004   2.6555456643585697E-004
   13.400000000000000        2.6605174631495559E-004   2.6605174631495559E-004
   13.450000000000001        2.6655032085597108E-004   2.6655032085597108E-004
   13.500000000000000        2.6705029528041173E-004   2.6705029528041173E-004
   13.550000000000001        2.6755167480319242E-004   2.6755167480319242E-004
   13.600000000000001        2.6805446469939967E-004   2.6805446469939967E-004
   13.650000000000000        2.6855867024780020E-004   2.6855867024780020E-004
   13.700000000000001        2.6906429677470714E-004   2.6906429677470714E-004
   13.750000000000000        2.6957134960518987E-004   2.6957134960518987E-004
   13.800000000000001        2.7007983411002687E-004   2.7007983411002687E-004
   13.850000000000001        2.7058975566287283E-004   2.7058975566287283E-004
   13.900000000000000        2.7110111968518412E-004   2.7110111968518412E-004
   13.950000000000001        2.7161393161778940E-004   2.7161393161778940E-004
   14.000000000000000        2.7212819690865996E-004   2.7212819690865996E-004
   14.050000000000001        2.7264392106598497E-004   2.7264392106598497E-004
   14.100000000000001        2.7316110958707022E-004   2.7316110958707022E-004
   14.150000000000000        2.7367976801292543E-004   2.7367976801292543E-004
   14.200000000000001        2.7419990193012193E-004   2.7419990193012193E-004
   14.250000000000000        2.7472151691858402E-004   2.7472151691858402E-004
   14.300000000000001        2.7524461859385069E-004   2.7524461859385069E-004
   14.350000000000001        2.7576921259293093E-004   2.7576921259293093E-004
   14.400000000000000        2.7629530461729230E-004   2.7629530461729230E-004
   14.450000000000001        2.7682290034142785E-004   2.7682290034142785E-004
   14.500000000000000        2.7735200550911576E-004   2.7735200550911576E-004
   14.550000000000001        2.7788262587465480E-004   2.7788262587465480E-004
   14.600000000000001        2.7841476721889220E-004   2.7841476721889220E-004
   14.650000000000000        2.7894843533186295E-004   2.7894843533186295E-004
   14.700000000000001        2.7948363607562850E-004   2.7948363607562850E-004
   14.750000000000000        2.8002037530326657E-004   2.8002037530326657E-004
   14.800000000000001        2.8055865891361413E-004   2.8055865891361413E-004
   14.850000000000001        2.8109849281984301E-004   2.8109849281984301E-004
   14.900000000000000        2.8163988298549367E-004   2.8163988298549367E-004
   14.950000000000001        2.8218283537341130E-004   2.8218283537341130E-004
   15.000000000000000        2.8272735599042462E-004   2.8272735599042462E-004
   15.050000000000001        2.8327345088596990E-004   2.8327345088596990E-004
   15.100000000000001        2.8382112611863541E-004   2.8382112611863541E-004
   15.150000000000000        2.8437038778828986E-004   2.8437038778828986E-004
   15.200000000000001        2.8492124200229016E-004   2.8492124200229016E-004
   15.250000000000000        2.8547369492363362E-004   2.8547369492363362E-004
   15.300000000000001        2.8602775272900256E-004   2.8602775272900256E-004
   15.350000000000001        2.8658342163239808E-004   2.8658342163239808E-004
   15.400000000000000        2.8714070789008587E-004   2.8714070789008587E-004
   15.450000000000001        2.8769961775843825E-004   2.8769961775843825E-004
   15.500000000000000        2.8826015753895392E-004   2.8826015753895392E-004
   15.550000000000001        2.8882233358347583E-004   2.8882233358347583E-004
   15.600000000000001        2.8938615225855910E-004   2.8938615225855910E-004
   15.650000000000000        2.8995161994535150E-004   2.8995161994535150E-004
   15.700000000000001        2.9051874305678095E-004   2.9051874305678095E-004
   15.750000000000000        2.9108752807790274E-004   2.9108752807790274E-004
   15.800000000000001        2.9165798148286272E-004   2.9165798148286272E-004
   15.850000000000001        2.9223010979567921E-004   2.9223010979567921E-004
   15.900000000000000        2.9280391957789041E-004   2.9280391957789041E-004
   15.950000000000001        2.9337941740059263E-004   2.9337941740059263E-004
   16.000000000000000        2.9395660988061823E-004   2.9395660988061823E-004
   16.050000000000001        2.9453550368430684E-004   2.9453550368430684E-004
   16.100000000000001        2.9511610547276941E-004   2.9511610547276941E-004
   16.150000000000002        2.9569842199011397E-004   2.9569842199011397E-004
   16.199999999999999        2.9628245994780156E-004   2.9628245994780156E-004
   16.250000000000000        2.9686822615467636E-004   2.9686822615467636E-004
   16.300000000000001        2.9745572740761045E-004   2.9745572740761045E-004
   16.350000000000001        2.9804497056675584E-004   2.9804497056675584E-004
   16.400000000000002        2.9863596253657573E-004   2.9863596253657573E-004
   16.449999999999999        2.9922871019060290E-004   2.9922871019060290E-004
   16.500000000000000        2.9982322049714323E-004   2.9982322049714323E-004
   16.550000000000001        3.0041950043595159E-004   3.0041950043595159E-004
   16.600000000000001        3.0101755703543015E-004   3.0101755703543015E-004
   16.650000000000002        3.0161739733457064E-004   3.0161739733457064E-004
   16.699999999999999        3.0221902843254408E-004   3.0221902843254408E-004
   16.750000000000000        3.0282245745482175E-004   3.0282245745482175E-004
   16.800000000000001        3.0342769156472746E-004   3.0342769156472746E-004
   16.850000000000001        3.0403473794093721E-004   3.0403473794093721E-004
   16.900000000000002        3.0464360383382236E-004   3.0464360383382236E-004
   16.949999999999999        3.0525429648969800E-004   3.0525429648969800E-004
   17.000000000000000        3.0586682321238537E-004   3.0586682321238537E-004
   17.050000000000001        3.0648119135941567E-004   3.0648119135941567E-004
   17.100000000000001        3.0709740828951032E-004   3.0709740828951032E-004
   17.150000000000002        3.0771548142733562E-004   3.0771548142733562E-004
   17.199999999999999        3.0833541823376649E-004   3.0833541823376649E-004
   17.250000000000000        3.0895722616859980E-004   3.0895722616859980E-004
   17.300000000000001        3.0958091277848116E-004   3.0958091277848116E-004
   17.350000000000001        3.1020648563504833E-004   3.1020648563504833E-004
   17.400000000000002        3.1083395232546241E-004   3.1083395232546241E-004
   17.449999999999999        3.1146332047604864E-004   3.1146332047604864E-004
   17.500000000000000        3.1209459778427798E-004   3.1209459778427798E-004
   17.550000000000001        3.1272779196134644E-004   3.1272779196134644E-004
   17.600000000000001        3.1336291077344351E-004   3.1336291077344351E-004
   17.650000000000002        3.1399996199564485E-004   3.1399996199564485E-004
   17.699999999999999        3.1463895348498677E-004   3.1463895348498677E-004
   17.750000000000000        3.1527989307759383E-004   3.1527989307759383E-004
   17.800000000000001        3.1592278872257830E-004   3.1592278872257830E-004
   17.850000000000001        3.1656764836840250E-004   3.1656764836840250E-004
   17.900000000000002        3.1721448001137436E-004   3.1721448001137436E-004
   17.949999999999999        3.1786329167875124E-004   3.1786329167875124E-004
   18.000000000000000        3.1851409144216351E-004   3.1851409144216351E-004
   18.050000000000001        3.1916688743361445E-004   3.1916688743361445E-004
   18.100000000000001        3.1982168781236585E-004   3.1982168781236585E-004
   18.150000000000002        3.2047850076080930E-004   3.2047850076080930E-004
   18.199999999999999        3.2113733453690354E-004   3.2113733453690354E-004
   18.250000000000000        3.2179819742125169E-004   3.2179819742125169E-004
   18.300000000000001        3.2246109772911149E-004   3.2246109772911149E-004
   18.350000000000001        3.2312604385506560E-004   3.2312604385506560E-004
   18.400000000000002        3.2379304419709196E-004   3.2379304419709196E-004
   18.449999999999999        3.2446210721664439E-004   3.2446210721664439E-004
   18.500000000000000        3.2513324141183022E-004   3.2513324141183022E-004
   18.550000000000001        3.2580645532433172E-004   3.2580645532433172E-004
   18.600000000000001        3.2648175753523674E-004   3.2648175753523674E-004
   18.650000000000002        3.2715915667299081E-004   3.2715915667299081E-004
   18.699999999999999        3.2783866143602672E-004   3.2783866143602672E-004
   18.750000000000000        3.2852028052267936E-004   3.2852028052267936E-004
   18.800000000000001        3.2920402271167107E-004   3.2920402271167107E-004
   18.850000000000001        3.2988989681044029E-004   3.2988989681044029E-004
   18.900000000000002        3.3057791167710276E-004   3.3057791167710276E-004
   18.949999999999999        3.3126807621467066E-004   3.3126807621467066E-004
   19.000000000000000        3.3196039937978674E-004   3.3196039937978674E-004
   19.050000000000001        3.3265489015146978E-004   3.3265489015146978E-004
   19.100000000000001        3.3335155758020782E-004   3.3335155758020782E-004
   19.150000000000002        3.3405041076528969E-004   3.3405041076528969E-004
   19.200000000000003        3.3475145884248207E-004   3.3475145884248207E-004
   19.250000000000000        3.3545471099583448E-004   3.3545471099583448E-004
   19.300000000000001        3.3616017645004295E-004   3.3616017645004295E-004
   19.350000000000001        3.3686786450310509E-004   3.3686786450310509E-004
   19.400000000000002        3.3757778447595754E-004   3.3757778447595754E-004
   19.450000000000003        3.3828994572921453E-004   3.3828994572921453E-004
   19.500000000000000        3.3900435772858689E-004   3.3900435772858689E-004
   19.550000000000001        3.3972102992357086E-004   3.3972102992357086E-004
   19.600000000000001        3.4043997186624866E-004   3.4043997186624866E-004
   19.650000000000002        3.4116119310040663E-004   3.4116119310040663E-004
   19.700000000000003        3.4188470328248692E-004   3.4188470328248692E-004
   19.750000000000000        3.4261051208479793E-004   3.4261051208479793E-004
   19.800000000000001        3.4333862924769372E-004   3.4333862924769372E-004
   19.850000000000001        3.4406906453808670E-004   3.4406906453808670E-004
   19.900000000000002        3.4480182778173557E-004   3.4480182778173557E-004
   19.950000000000003        3.4553692890348475E-004   3.4553692890348475E-004
   20.000000000000000        3.4627437780540988E-004   3.4627437780540988E-004
   20.050000000000001        3.4701418447494772E-004   3.4701418447494772E-004
   20.100000000000001        3.4775635898165539E-004   3.4775635898165539E-004
   20.150000000000002        3.4850091142604706E-004   3.4850091142604706E-004
   20.200000000000003        3.4924785193502942E-004   3.4924785193502942E-004
   20.250000000000000        3.4999719073771604E-004   3.4999719073771604E-004
   20.300000000000001        3.5074893807832786E-004   3.5074893807832786E-004
   20.350000000000001        3.5150310426729041E-004   3.5150310426729041E-004
   20.400000000000002        3.5225969968535713E-004   3.5225969968535713E-004
   20.450000000000003        3.5301873476779579E-004   3.5301873476779579E-004
   20.500000000000000        3.5378021998722791E-004   3.5378021998722791E-004
   20.550000000000001        3.5454416587967505E-004   3.5454416587967505E-004
   20.600000000000001        3.5531058305487485E-004   3.5531058305487485E-004
   20.650000000000002        3.5607948214300909E-004   3.5607948214300909E-004
   20.700000000000003        3.5685087386166443E-004   3.5685087386166443E-004
   20.750000000000000        3.5762476899613670E-004   3.5762476899613670E-004
   20.800000000000001        3.5840117835631198E-004   3.5840117835631198E-004
   20.850000000000001        3.5918011281027416E-004   3.5918011281027416E-004
   20.900000000000002        3.5996158331132113E-004   3.5996158331132113E-004
   20.950000000000003        3.6074560087992794E-004   3.6074560087992794E-004
   21.000000000000000        3.6153217656178469E-004   3.6153217656178469E-004
   21.050000000000001        3.6232132147431351E-004   3.6232132147431351E-004
   21.100000000000001        3.6311304677981259E-004   3.6311304677981259E-004
   21.150000000000002        3.6390736378113039E-004   3.6390736378113039E-004
   21.200000000000003        3.6470428373383789E-004   3.6470428373383789E-004
   21.250000000000000        3.6550381801410929E-004   3.6550381801410929E-004
   21.300000000000001        3.6630597805100231E-004   3.6630597805100231E-004
   21.350000000000001        3.6711077534368794E-004   3.6711077534368794E-004
   21.400000000000002        3.6791822143653763E-004   3.6791822143653763E-004
   21.450000000000003        3.6872832793242571E-004   3.6872832793242571E-004
   21.500000000000000        3.6954110654375622E-004   3.6954110654375622E-004
   21.550000000000001        3.7035656898725181E-004   3.7035656898725181E-004
   21.600000000000001        3.7117472708322750E-004   3.7117472708322750E-004
   21.650000000000002        3.7199559268103459E-004   3.7199559268103459E-004
   21.700000000000003        3.7281917775415225E-004   3.7281917775415225E-004
   21.750000000000000        3.7364549428231406E-004   3.7364549428231406E-004
   21.800000000000001        3.7447455434552892E-004   3.7447455434552892E-004
   21.850000000000001        3.7530637007964190E-004   3.7530637007964190E-004
   21.900000000000002        3.7614095370626610E-004   3.7614095370626610E-004
   21.950000000000003        3.7697831746858444E-004   3.7697831746858444E-004
   22.000000000000000        3.7781847372026970E-004   3.7781847372026970E-004
   22.050000000000001        3.7866143487536686E-004   3.7866143487536686E-004
   22.100000000000001        3.7950721339016422E-004   3.7950721339016422E-004
   22.150000000000002        3.8035582185144494E-004   3.8035582185144494E-004
   22.200000000000003        3.8120727284022057E-004   3.8120727284022057E-004
   22.250000000000000        3.8206157904256455E-004   3.8206157904256455E-004
   22.300000000000001        3.8291875324432341E-004   3.8291875324432341E-004
   22.350000000000001        3.8377880824663963E-004   3.8377880824663963E-004
   22.400000000000002        3.8464175695540647E-004   3.8464175695540647E-004
   22.450000000000003        3.8550761234506359E-004   3.8550761234506359E-004
   22.500000000000000        3.8637638747731793E-004   3.8637638747731793E-004
   22.550000000000001        3.8724809545512956E-004   3.8724809545512956E-004
   22.600000000000001        3.8812274944767972E-004   3.8812274944767972E-004
   22.650000000000002        3.8900036275885645E-004   3.8900036275885645E-004
   22.700000000000003        3.8988094872246458E-004   3.8988094872246458E-004
   22.750000000000000        3.9076452073616566E-004   3.9076452073616566E-004
   22.800000000000001        3.9165109230847995E-004   3.9165109230847995E-004
   22.850000000000001        3.9254067700530639E-004   3.9254067700530639E-004
   22.900000000000002        3.9343328846113177E-004   3.9343328846113177E-004
   22.950000000000003        3.9432894040940811E-004   3.9432894040940811E-004
   23.000000000000000        3.9522764662845001E-004   3.9522764662845001E-004
   23.050000000000001        3.9612942101835701E-004   3.9612942101835701E-004
   23.100000000000001        3.9703427754674480E-004   3.9703427754674480E-004
   23.150000000000002        3.9794223020994316E-004   3.9794223020994316E-004
   23.200000000000003        3.9885329315636438E-004   3.9885329315636438E-004
   23.250000000000000        3.9976748058889901E-004   3.9976748058889901E-004
   23.300000000000001        4.0068480675762799E-004   4.0068480675762799E-004
   23.350000000000001        4.0160528604295731E-004   4.0160528604295731E-004
   23.400000000000002        4.0252893284721726E-004   4.0252893284721726E-004
   23.450000000000003        4.0345576174147729E-004   4.0345576174147729E-004
   23.500000000000000        4.0438578730556005E-004   4.0438578730556005E-004
   23.550000000000001        4.0531902423987580E-004   4.0531902423987580E-004
   23.600000000000001        4.0625548729758011E-004   4.0625548729758011E-004
   23.650000000000002        4.0719519136883360E-004   4.0719519136883360E-004
   23.700000000000003        4.0813815139287708E-004   4.0813815139287708E-004
   23.750000000000000        4.0908438238276547E-004   4.0908438238276547E-004
   23.800000000000001        4.1003389948588510E-004   4.1003389948588510E-004
   23.850000000000001        4.1098671788206744E-004   4.1098671788206744E-004
   23.900000000000002        4.1194285287933562E-004   4.1194285287933562E-004
   23.950000000000003        4.1290231985176078E-004   4.1290231985176078E-004
   24.000000000000000        4.1386513428769118E-004   4.1386513428769118E-004
   24.050000000000001        4.1483131170931938E-004   4.1483131170931938E-004
   24.100000000000001        4.1580086777989766E-004   4.1580086777989766E-004
   24.150000000000002        4.1677381825408645E-004   4.1677381825408645E-004
   24.200000000000003        4.1775017897683340E-004   4.1775017897683340E-004
   24.250000000000000        4.1872996585414461E-004   4.1872996585414461E-004
   24.300000000000001        4.1971319491419730E-004   4.1971319491419730E-004
   24.350000000000001        4.2069988229356228E-004   4.2069988229356228E-004
   24.400000000000002        4.2169004417213449E-004   4.2169004417213449E-004
   24.450000000000003        4.2268369682633918E-004   4.2268369682633918E-004
   24.500000000000000        4.2368085670805612E-004   4.2368085670805612E-004
   24.550000000000001        4.2468154027575810E-004   4.2468154027575810E-004
   24.600000000000001        4.2568576412063344E-004   4.2568576412063344E-004
   24.650000000000002        4.2669354494547060E-004   4.2669354494547060E-004
   24.700000000000003        4.2770489951509842E-004   4.2770489951509842E-004
   24.750000000000000        4.2871984473221683E-004   4.2871984473221683E-004
   24.800000000000001        4.2973839758628804E-004   4.2973839758628804E-004
   24.850000000000001        4.3076057516386703E-004   4.3076057516386703E-004
   24.900000000000002        4.3178639464013706E-004   4.3178639464013706E-004
   24.950000000000003        4.3281587330520058E-004   4.3281587330520058E-004
   25.000000000000000        4.3384902855105674E-004   4.3384902855105674E-004
   25.050000000000001        4.3488587788584739E-004   4.3488587788584739E-004
   25.100000000000001        4.3592643888307788E-004   4.3592643888307788E-004
   25.150000000000002        4.3697072926260409E-004   4.3697072926260409E-004
   25.200000000000003        4.3801876683763618E-004   4.3801876683763618E-004
   25.250000000000000        4.3907056949662711E-004   4.3907056949662711E-004
   25.300000000000001        4.4012615532201691E-004   4.4012615532201691E-004
   25.350000000000001        4.4118554237340674E-004   4.4118554237340674E-004
   25.400000000000002        4.4224874891605136E-004   4.4224874891605136E-004
   25.450000000000003        4.4331579334777024E-004   4.4331579334777024E-004
   25.500000000000000        4.4438669900809800E-004   4.4438669900809800E-004
   25.550000000000001        4.4546193373452180E-004   4.4546193373452180E-004
   25.600000000000001        4.4658351837427874E-004   4.4658351837427874E-004
   25.650000000000002        4.5178792324889139E-004   4.5178792324889139E-004
   25.700000000000003        1.0980313320670522E-003   1.0980313320670522E-003
   25.750000000000000        6.8834790439755003E-002   6.8834790439755003E-002
   25.800000000000001        5.2679569789804669E-002   5.2679569789804669E-002
   25.850000000000001        4.0433264736766124E-002   4.0433264736766124E-002
   25.900000000000002        3.1151729844478469E-002   3.1151729844478469E-002
   25.950000000000003        2.4112319706967422E-002   2.4112319706967422E-002
   26.000000000000000        1.8765706320964758E-002   1.8765706320964758E-002
   26.050000000000001        1.4696303442883422E-002   1.4696303442883422E-002
   26.100000000000001        1.1590712483854362E-002   1.1590712483854362E-002
   26.150000000000002        9.2130669353286086E-003   9.2130669353286086E-003
   26.200000000000003        7.3860360516745244E-003   7.3860360516745244E-003
   26.250000000000000        5.9763333278270176E-003   5.9763333278270176E-003
   26.300000000000001        4.8837391032832524E-003   4.8837391032832524E-003
   26.350000000000001        4.0328264944601202E-003   4.0328264944601202E-003
   26.400000000000002        3.3667466113062646E-003   3.3667466113062646E-003
   26.450000000000003        2.8425715494823055E-003   2.8425715494823055E-003
   26.500000000000000        2.4278099475740058E-003   2.4278099475740058E-003
   26.550000000000001        2.0978020613567788E-003   2.0978020613567788E-003
   26.600000000000001        1.8338648026955569E-003   1.8338648026955569E-003
   26.650000000000002        6.2705255297047739E-003   6.2705255297047739E-003
   26.700000000000003        6.7096734128230903E-002   6.7096734128230903E-002
   26.750000000000000        5.1566316124835192E-002   5.1566316124835192E-002
   26.800000000000001        3.9772647723495820E-002   3.9772647723495820E-002
   26.850000000000001        3.0814579304176828E-002   3.0814579304176828E-002
   26.900000000000002        2.4002858159278981E-002   2.4002858159278981E-002
   26.950000000000003        1.8813658731321542E-002   1.8813658731321542E-002
   27.000000000000000        1.4850622053331748E-002   1.4850622053331748E-002
   27.050000000000001        1.1814696933480855E-002   1.1814696933480855E-002
   27.100000000000001        9.4806300598513880E-003   9.4806300598513880E-003
   27.150000000000002        7.6788804123510161E-003   7.6788804123510161E-003
   27.200000000000003        6.2818360396045322E-003   6.2818360396045322E-003
   27.250000000000000        5.1933791146290386E-003   5.1933791146290386E-003
   27.300000000000001        4.3410226763018834E-003   4.3410226763018834E-003
   27.350000000000001        3.6700043425389492E-003   3.6700043425389492E-003
   27.400000000000002        3.1388594393565636E-003   3.1388594393565636E-003
   27.450000000000003        2.7161073509587305E-003   2.7161073509587305E-003
   27.500000000000000        2.4431664404196232E-003   2.4431664404196232E-003
   27.550000000000001        7.3960461824959592E-002   7.3960461824959592E-002
   27.600000000000001        5.7025941277542125E-002   5.7025941277542125E-002
   27.650000000000002        4.4138547986405145E-002   4.4138547986405145E-002
   27.700000000000003        3.4328979735709836E-002   3.4328979735709836E-002
   27.750000000000000        2.6853640760624096E-002   2.6853640760624096E-002
   27.800000000000001        2.1146055816026087E-002   2.1146055816026087E-002
   27.850000000000001        1.6776748830021688E-002   1.6776748830021688E-002
   27.900000000000002        1.3421131698505654E-002   1.3421131698505654E-002
   27.950000000000003        1.0834341931436826E-002   1.0834341931436826E-002
   28.000000000000000        8.8318127256321044E-003   8.8318127256321044E-003
   28.050000000000001        7.2744236935355696E-003   7.2744236935355696E-003
   28.100000000000001        6.0572349117137920E-003   6.0572349117137920E-003
   28.150000000000002        5.1009833746866601E-003   5.1009833746866601E-003
   28.200000000000003        4.3456872486833326E-003   4.3456872486833326E-003
   28.250000000000000        3.7458467867685073E-003   3.7458467867685073E-003
   28.300000000000001        3.2740613026177919E-003   3.2740613026177919E-003
   28.350000000000001        7.7214521053455040E-002   7.7214521053455040E-002
   28.400000000000002        5.9791924485860549E-002   5.9791924485860549E-002
   28.450000000000003        4.6503238335046493E-002   4.6503238335046493E-002
   28.500000000000000        3.6363390214565729E-002   3.6363390214565729E-002
   28.550000000000001        2.8615626101606412E-002   2.8615626101606412E-002
   28.600000000000001        2.2682689125654285E-002   2.2682689125654285E-002
   28.650000000000002        1.8126364888662778E-002   1.8126364888662778E-002
   28.700000000000003        1.4615024731686757E-002   1.4615024731686757E-002
   28.750000000000000        1.1898146688949998E-002   1.1898146688949998E-002
   28.800000000000001        9.7866134181811004E-003   9.7866134181811004E-003
   28.850000000000001        8.1376378001857992E-003   8.1376378001857992E-003
   28.900000000000002        6.8433150986615095E-003   6.8433150986615095E-003
   28.950000000000003        5.8219746201104774E-003   5.8219746201104774E-003
   29.000000000000000        5.0116697273690563E-003   5.0116697273690563E-003
   29.050000000000001        4.3652890474643168E-003   4.3652890474643168E-003
   29.100000000000001        3.8468903161961708E-003   3.8468903161961708E-003
   29.150000000000002        3.4289528776726874E-003   3.4289528776726874E-003
   29.200000000000003        3.0903187038310428E-003   3.0903187038310428E-003
   29.250000000000000        2.8146486105451920E-003   2.8146486105451920E-003
   29.300000000000001        2.5892636286444165E-003   2.5892636286444165E-003
   29.350000000000001        2.4042742111053902E-003   2.4042742111053902E-003
   29.400000000000002        2.2519245759444802E-003   2.2519245759444802E-003
   29.450000000000003        2.1260979369066299E-003   2.1260979369066299E-003
   29.500000000000000        2.0219421633520516E-003   2.0219421633520516E-003
   29.550000000000001        1.9355857027359654E-003   1.9355857027359654E-003
   29.600000000000001        1.8639212658001605E-003   1.8639212658001605E-003
   29.650000000000002        1.8044404846649796E-003   1.8044404846649796E-003
   29.700000000000003        1.7551070037941945E-003   1.7551070037941945E-003
   29.750000000000000        1.7142586266809658E-003   1.7142586266809658E-003
   29.800000000000001        1.6805314978942617E-003   1.6805314978942617E-003
   29.850000000000001        1.6528010514283704E-003   1.6528010514283704E-003
   29.900000000000002        1.6301357672330709E-003   1.6301357672330709E-003
   29.950000000000003        1.6117607522980152E-003   1.6117607522980152E-003
   30.000000000000000        1.5970288915110812E-003   1.5970288915110812E-003
   30.050000000000001        1.5853978601663061E-003   1.5853978601663061E-003
   30.100000000000001        1.5764116988856108E-003   1.5764116988856108E-003
   30.150000000000002        1.5696859590218785E-003   1.5696859590218785E-003
   30.200000000000003        1.5648956577468643E-003   1.5648956577468643E-003
   30.250000000000000        1.5617654578540187E-003   1.5617654578540187E-003
   30.300000000000001        1.5600616185057943E-003   1.5600616185057943E-003
   30.350000000000001        1.5595853651645499E-003   1.5595853651645499E-003
   30.400000000000002        1.5601674023152433E-003   1.5601674023152433E-003
   30.450000000000003        1.5616633525011943E-003   1.5616633525011943E-003
   30.500000000000000        1.5639499504612497E-003   1.5639499504612497E-003
   30.550000000000001        1.5669218552940795E-003   1.5669218552940795E-003
   30.600000000000001        1.5704889717956586E-003   1.5704889717956586E-003
   30.650000000000002        1.5745741928279145E-003   1.5745741928279145E-003
   30.700000000000003        1.5791114917234723E-003   1.5791114917234723E-003
   30.750000000000000        1.5840443062708604E-003   1.5840443062708604E-003
   30.800000000000001        1.5893241671737356E-003   1.5893241671737356E-003
   30.850000000000001        1.5949095317727654E-003   1.5949095317727654E-003
   30.900000000000002        1.6007647906518827E-003   1.6007647906518827E-003
   30.950000000000003        1.6068594202457336E-003   1.6068594202457336E-003
   31.000000000000000        1.6131672594942932E-003   1.6131672594942932E-003
   31.050000000000001        1.6196658910299210E-003   1.6196658910299210E-003
   31.100000000000001        1.6263361120223134E-003   1.6263361120223134E-003
   31.150000000000002        1.6331614806983530E-003   1.6331614806983530E-003
   31.200000000000003        1.6401279280062013E-003   1.6401279280062013E-003
   31.250000000000000        1.6472234245069523E-003   1.6472234245069523E-003
   31.300000000000001        1.6544376945568328E-003   1.6544376945568328E-003
   31.350000000000001        1.6617619709640189E-003   1.6617619709640189E-003
   31.400000000000002        1.6691887843514875E-003   1.6691887843514875E-003
   31.450000000000003        1.6767117823096762E-003   1.6767117823096762E-003
   31.500000000000000        1.6843255739927632E-003   1.6843255739927632E-003
   31.550000000000001        1.6920255963129545E-003   1.6920255963129545E-003
   31.600000000000001        1.6998079993801550E-003   1.6998079993801550E-003
   31.650000000000002        1.7076695476459154E-003   1.7076695476459154E-003
   31.700000000000003        1.7156075351337252E-003   1.7156075351337252E-003
   31.750000000000000        1.7236197123853380E-003   1.7236197123853380E-003
   31.800000000000001        1.7317042237489390E-003   1.7317042237489390E-003
   31.850000000000001        1.7398595534033269E-003   1.7398595534033269E-003
   31.900000000000002        1.7480844788586101E-003   1.7480844788586101E-003
   31.950000000000003        1.7563780312203727E-003   1.7563780312203727E-003
   32.000000000000000        1.7647394606375827E-003   1.7647394606375827E-003
   32.050000000000004        1.7731682069439107E-003   1.7731682069439107E-003
   32.100000000000001        1.7816638741173525E-003   1.7816638741173525E-003
   32.149999999999999        1.7902262085656225E-003   1.7902262085656225E-003
   32.200000000000003        1.7988550803192803E-003   1.7988550803192803E-003
   32.250000000000000        1.8075504668584985E-003   1.8075504668584985E-003
   32.300000000000004        1.8163124392450894E-003   1.8163124392450894E-003
   32.350000000000001        1.8251411500873921E-003   1.8251411500873921E-003
   32.399999999999999        1.8340368234349767E-003   1.8340368234349767E-003
   32.450000000000003        1.8429997460177182E-003   1.8429997460177182E-003
   32.500000000000000        1.8520302594919726E-003   1.8520302594919726E-003
   32.550000000000004        1.8611287541152269E-003   1.8611287541152269E-003
   32.600000000000001        1.8702956630188788E-003   1.8702956630188788E-003
   32.649999999999999        1.8795314576386410E-003   1.8795314576386410E-003
   32.700000000000003        1.8888366434306780E-003   1.8888366434306780E-003
   32.750000000000000        1.8982117564421380E-003   1.8982117564421380E-003
   32.800000000000004        1.9076573603213206E-003   1.9076573603213206E-003
   32.850000000000001        1.9171740438210113E-003   1.9171740438210113E-003
   32.899999999999999        1.9267624184581712E-003   1.9267624184581712E-003
   32.950000000000003        1.9364231167241506E-003   1.9364231167241506E-003
   33.000000000000000        1.9461567905583834E-003   1.9461567905583834E-003
   33.050000000000004        1.9559641099766512E-003   1.9559641099766512E-003
   33.100000000000001        1.9658457618117269E-003   1.9658457618117269E-003
   33.149999999999999        1.9758024490279754E-003   1.9758024490279754E-003
   33.200000000000003        1.9858348896268467E-003   1.9858348896268467E-003
   33.250000000000000        1.9959438162118685E-003   1.9959438162118685E-003
   33.300000000000004        2.0061299752401388E-003   2.0061299752401388E-003
   33.350000000000001        2.0163941268004039E-003   2.0163941268004039E-003
   33.399999999999999        2.0267370439797593E-003   2.0267370439797593E-003
   33.450000000000003        2.0371595127386529E-003   2.0371595127386529E-003
   33.500000000000000        2.0476623317763460E-003   2.0476623317763460E-003
   33.550000000000004        2.0582463119901300E-003   2.0582463119901300E-003
   33.600000000000001        2.0689122768042215E-003   2.0689122768042215E-003
   33.649999999999999        2.0796610618545939E-003   2.0796610618545939E-003
   33.700000000000003        2.0904935148156416E-003   2.0904935148156416E-003
   33.750000000000000        2.1014104957158357E-003   2.1014104957158357E-003
   33.800000000000004        2.1124128767517885E-003   2.1124128767517885E-003
   33.850000000000001        2.1235015422457759E-003   2.1235015422457759E-003
   33.899999999999999        2.1346773889233559E-003   2.1346773889233559E-003
   33.950000000000003        2.1459413257918650E-003   2.1459413257918650E-003
   34.000000000000000        2.1572942745370638E-003   2.1572942745370638E-003
   34.050000000000004        2.1687371692774727E-003   2.1687371692774727E-003
   34.100000000000001        2.1802709569213020E-003   2.1802709569213020E-003
   34.149999999999999        2.1918965971845878E-003   2.1918965971845878E-003
   34.200000000000003        2.2036150628372496E-003   2.2036150628372496E-003
   34.250000000000000        2.2154273398665987E-003   2.2154273398665987E-003
   34.300000000000004        2.2273344275639110E-003   2.2273344275639110E-003
   34.350000000000001        2.2393373387781944E-003   2.2393373387781944E-003
   34.399999999999999        2.2514371000536128E-003   2.2514371000536128E-003
   34.450000000000003        2.2636347518466210E-003   2.2636347518466210E-003
   34.500000000000000        2.2759313487128886E-003   2.2759313487128886E-003
   34.550000000000004        2.2883279596257518E-003   2.2883279596257518E-003
   34.600000000000001        2.3008256680499672E-003   2.3008256680499672E-003
   34.649999999999999        2.3134255722411920E-003   2.3134255722411920E-003
   34.700000000000003        2.3261287852916982E-003   2.3261287852916982E-003
   34.750000000000000        2.3389364358154517E-003   2.3389364358154517E-003
   34.800000000000004        2.3518496675981600E-003   2.3518496675981600E-003
   34.850000000000001        2.3648696403870467E-003   2.3648696403870467E-003
   34.899999999999999        2.3779975297047893E-003   2.3779975297047893E-003
   34.950000000000003        2.3912345274800699E-003   2.3912345274800699E-003
   35.000000000000000        2.4045818419852556E-003   2.4045818419852556E-003
   35.050000000000004        2.4180406983129459E-003   2.4180406983129459E-003
   35.100000000000001        2.4316123385742477E-003   2.4316123385742477E-003
   35.149999999999999        2.4452980222679950E-003   2.4452980222679950E-003
   35.200000000000003        2.4590990263741127E-003   2.4590990263741127E-003
   35.250000000000000        2.4730166459166355E-003   2.4730166459166355E-003
   35.300000000000004        2.4870521939621649E-003   2.4870521939621649E-003
   35.350000000000001        2.5012070021735895E-003   2.5012070021735895E-003
   35.399999999999999        2.5154824210167300E-003   2.5154824210167300E-003
   35.450000000000003        2.5298798200863309E-003   2.5298798200863309E-003
   35.500000000000000        2.5444005884077059E-003   2.5444005884077059E-003
   35.550000000000004        2.5590461348376599E-003   2.5590461348376599E-003
   35.600000000000001        2.5738178882608771E-003   2.5738178882608771E-003
   35.649999999999999        2.5887172981581717E-003   2.5887172981581717E-003
   35.700000000000003        2.6037458347443073E-003   2.6037458347443073E-003
   35.750000000000000        2.6189049893902013E-003   2.6189049893902013E-003
   35.800000000000004        2.6341962751291700E-003   2.6341962751291700E-003
   35.850000000000001        2.6496212268437660E-003   2.6496212268437660E-003
   35.899999999999999        2.6651814017135738E-003   2.6651814017135738E-003
   35.950000000000003        2.6808783795468092E-003   2.6808783795468092E-003
   36.000000000000000        2.6967137632993281E-003   2.6967137632993281E-003
   36.050000000000004        2.7126891795326877E-003   2.7126891795326877E-003
   36.100000000000001        2.7288062783974408E-003   2.7288062783974408E-003
   36.149999999999999        2.7450667346362902E-003   2.7450667346362902E-003
   36.200000000000003        2.7614722477708699E-003   2.7614722477708699E-003
   36.250000000000000        2.7780245423112155E-003   2.7780245423112155E-003
   36.300000000000004        2.7947253685067929E-003   2.7947253685067929E-003
   36.350000000000001        2.8115765027707895E-003   2.8115765027707895E-003
   36.399999999999999        2.8285797480322580E-003   2.8285797480322580E-003
   36.450000000000003        2.8457369342426314E-003   2.8457369342426314E-003
   36.500000000000000        2.8630499189150091E-003   2.8630499189150091E-003
   36.550000000000004        2.8805205877076752E-003   2.8805205877076752E-003
   36.600000000000001        2.8981508544911666E-003   2.8981508544911666E-003
   36.649999999999999        2.9159426625294635E-003   2.9159426625294635E-003
   36.700000000000003        2.9338979845195227E-003   2.9338979845195227E-003
   36.750000000000000        2.9520188233029018E-003   2.9520188233029018E-003
   36.800000000000004        2.9703072124558647E-003   2.9703072124558647E-003
   36.850000000000001        2.9887652166660323E-003   2.9887652166660323E-003
   36.899999999999999        3.0073949326115254E-003   3.0073949326115254E-003
   36.950000000000003        3.0261984892630965E-003   3.0261984892630965E-003
   37.000000000000000        3.0451780487729036E-003   3.0451780487729036E-003
   37.050000000000004        3.0643358066677661E-003   3.0643358066677661E-003
   37.100000000000001        3.0836739929449644E-003   3.0836739929449644E-003
   37.149999999999999        3.1031948723981256E-003   3.1031948723981256E-003
   37.200000000000003        3.1229007453294540E-003   3.1229007453294540E-003
   37.250000000000000        3.1427939484419834E-003   3.1427939484419834E-003
   37.300000000000004        3.1628768551587266E-003   3.1628768551587266E-003
   37.350000000000001        3.1831518767205559E-003   3.1831518767205559E-003
   37.399999999999999        3.2036214625127415E-003   3.2036214625127415E-003
   37.450000000000003        3.2242881009794770E-003   3.2242881009794770E-003
   37.500000000000000        3.2451543205897228E-003   3.2451543205897228E-003
   37.550000000000004        3.2662226901350039E-003   3.2662226901350039E-003
   37.600000000000001        3.2874958199204168E-003   3.2874958199204168E-003
   37.649999999999999        3.3089763624318327E-003   3.3089763624318327E-003
   37.700000000000003        3.3306670128581354E-003   3.3306670128581354E-003
   37.750000000000000        3.3525705105190411E-003   3.3525705105190411E-003
   37.800000000000004        3.3746896393326694E-003   3.3746896393326694E-003
   37.850000000000001        3.3970272286952931E-003   3.3970272286952931E-003
   37.899999999999999        3.4195861543521505E-003   3.4195861543521505E-003
   37.950000000000003        3.4423693395751586E-003   3.4423693395751586E-003
   38.000000000000000        3.4653797558515617E-003   3.4653797558515617E-003
   38.050000000000004        3.4886204238559156E-003   3.4886204238559156E-003
   38.100000000000001        3.5120944145838728E-003   3.5120944145838728E-003
   38.149999999999999        3.5358048503123024E-003   3.5358048503123024E-003
   38.200000000000003        3.5597549054789544E-003   3.5597549054789544E-003
   38.250000000000000        3.5839478077884972E-003   3.5839478077884972E-003
   38.300000000000004        3.6083868394203907E-003   3.6083868394203907E-003
   38.350000000000001        3.6330753380600139E-003   3.6330753380600139E-003
   38.400000000000006        3.6580166978911334E-003   3.6580166978911334E-003
   38.450000000000003        3.6832143709904599E-003   3.6832143709904599E-003
   38.500000000000000        3.7086718683602736E-003   3.7086718683602736E-003
   38.550000000000004        3.7343927611353661E-003   3.7343927611353661E-003
   38.600000000000001        3.7603806818783296E-003   3.7603806818783296E-003
   38.650000000000006        3.7866393257615541E-003   3.7866393257615541E-003
   38.700000000000003        3.8131724519222172E-003   3.8131724519222172E-003
   38.750000000000000        3.8399838848597492E-003   3.8399838848597492E-003
   38.800000000000004        3.8670775157822420E-003   3.8670775157822420E-003
   38.850000000000001        3.8944573038376409E-003   3.8944573038376409E-003
   38.900000000000006        3.9221272776331561E-003   3.9221272776331561E-003
   38.950000000000003        3.9500915368591320E-003   3.9500915368591320E-003
   39.000000000000000        3.9783542536585724E-003   3.9783542536585724E-003
   39.050000000000004        4.0069196740508293E-003   4.0069196740508293E-003
   39.100000000000001        4.0357921197521239E-003   4.0357921197521239E-003
   39.150000000000006        4.0649759895674325E-003   4.0649759895674325E-003
   39.200000000000003        4.0944757610229462E-003   4.0944757610229462E-003
   39.250000000000000        4.1242959926247238E-003   4.1242959926247238E-003
   39.300000000000004        4.1544413246825422E-003   4.1544413246825422E-003
   39.350000000000001        4.1849164818579280E-003   4.1849164818579280E-003
   39.400000000000006        4.2157262746492638E-003   4.2157262746492638E-003
   39.450000000000003        4.2468756013256167E-003   4.2468756013256167E-003
   39.500000000000000        4.2783694498214030E-003   4.2783694498214030E-003
   39.550000000000004        4.3102128997358066E-003   4.3102128997358066E-003
   39.600000000000001        4.3424111245032723E-003   4.3424111245032723E-003
   39.650000000000006        4.3749693931545005E-003   4.3749693931545005E-003
   39.700000000000003        4.4078930728144962E-003   4.4078930728144962E-003
   39.750000000000000        4.4411876304980462E-003   4.4411876304980462E-003
   39.800000000000004        4.4748586357457164E-003   4.4748586357457164E-003
   39.850000000000001        4.5089117627606671E-003   4.5089117627606671E-003
   39.900000000000006        4.5433527925524773E-003   4.5433527925524773E-003
   39.950000000000003        4.5781876156650511E-003   4.5781876156650511E-003
   40.000000000000000        4.6134222346373962E-003   4.6134222346373962E-003
   40.050000000000004        4.6490627665282313E-003   4.6490627665282313E-003
   40.100000000000001        4.6851154451986168E-003   4.6851154451986168E-003
   40.150000000000006        4.7215866246619227E-003   4.7215866246619227E-003
   40.200000000000003        4.7584827812918364E-003   4.7584827812918364E-003
   40.250000000000000        4.7958105169682566E-003   4.7958105169682566E-003
   40.300000000000004        4.8335765618529184E-003   4.8335765618529184E-003
   40.350000000000001        4.8717877774235759E-003   4.8717877774235759E-003
   40.400000000000006        4.9104511596518366E-003   4.9104511596518366E-003
   40.450000000000003        4.9495738420473308E-003   4.9495738420473308E-003
   40.500000000000000        4.9891630988545882E-003   4.9891630988545882E-003
   40.550000000000004        5.0292263486116130E-003   5.0292263486116130E-003
   40.600000000000001        5.0697711573411408E-003   5.0697711573411408E-003
   40.650000000000006        5.1108052423067471E-003   5.1108052423067471E-003
   40.700000000000003        5.1523364754409388E-003   5.1523364754409388E-003
   40.750000000000000        5.1943728872730173E-003   5.1943728872730173E-003
   40.800000000000004        5.2369226705944547E-003   5.2369226705944547E-003
   40.850000000000001        5.2799941845340240E-003   5.2799941845340240E-003
   40.900000000000006        5.3235959585099359E-003   5.3235959585099359E-003
   40.950000000000003        5.3677366965112780E-003   5.3677366965112780E-003
   41.000000000000000        5.4124252810899441E-003   5.4124252810899441E-003
   41.050000000000004        5.4576707784386074E-003   5.4576707784386074E-003
   41.100000000000001        5.5034824421782563E-003   5.5034824421782563E-003
   41.150000000000006        5.5498697185400181E-003   5.5498697185400181E-003
   41.200000000000003        5.5968422508419352E-003   5.5968422508419352E-003
   41.250000000000000        5.6444098847153760E-003   5.6444098847153760E-003
   41.300000000000004        5.6925826731877667E-003   5.6925826731877667E-003
   41.350000000000001        5.7413708816635677E-003   5.7413708816635677E-003
   41.400000000000006        5.7907849935679408E-003   5.7907849935679408E-003
   41.450000000000003        5.8408357158712450E-003   5.8408357158712450E-003
   41.500000000000000        5.8915339847715820E-003   5.8915339847715820E-003
   41.550000000000004        5.9428909716003004E-003   5.9428909716003004E-003
   41.600000000000001        5.9949180890432460E-003   5.9949180890432460E-003
   41.650000000000006        6.0476269972231326E-003   6.0476269972231326E-003
   41.700000000000003        6.1010296101368369E-003   6.1010296101368369E-003
   41.750000000000000        6.1551381024483433E-003   6.1551381024483433E-003
   41.800000000000004        6.2099649163514783E-003   6.2099649163514783E-003
   41.850000000000001        6.2655227684945700E-003   6.2655227684945700E-003
   41.900000000000006        6.3218246573053302E-003   6.3218246573053302E-003
   41.950000000000003        6.3788838706209964E-003   6.3788838706209964E-003
   42.000000000000000        6.4367139933865346E-003   6.4367139933865346E-003
   42.050000000000004        6.4953289156364988E-003   6.4953289156364988E-003
   42.100000000000001        6.5547428404996375E-003   6.5547428404996375E-003
   42.150000000000006        6.6149702932113618E-003   6.6149702932113618E-003
   42.200000000000003        6.6760261293911244E-003   6.6760261293911244E-003
   42.250000000000000        6.7379255442632487E-003   6.7379255442632487E-003
   42.300000000000004        6.8006840820806344E-003   6.8006840820806344E-003
   42.350000000000001        6.8643176457765624E-003   6.8643176457765624E-003
   42.400000000000006        6.9288425068648367E-003   6.9288425068648367E-003
   42.450000000000003        6.9942753155535636E-003   6.9942753155535636E-003
   42.500000000000000        7.0606331115514384E-003   7.0606331115514384E-003
   42.550000000000004        7.1279333350248043E-003   7.1279333350248043E-003
   42.600000000000001        7.1961938378492510E-003   7.1961938378492510E-003
   42.650000000000006        7.2654328953484981E-003   7.2654328953484981E-003
   42.700000000000003        7.3356692183217257E-003   7.3356692183217257E-003
   42.750000000000000        7.4069219656703027E-003   7.4069219656703027E-003
   42.800000000000004        7.4792107569153681E-003   7.4792107569153681E-003
   42.850000000000001        7.5525556862332689E-003   7.5525556862332689E-003
   42.900000000000006        7.6269773355685114E-003   7.6269773355685114E-003
   42.950000000000003        7.7024967891543544E-003   7.7024967891543544E-003
   43.000000000000000        7.7791356485136260E-003   7.7791356485136260E-003
   43.050000000000004        7.8569160471357799E-003   7.8569160471357799E-003
   43.100000000000001        7.9358606669358150E-003   7.9358606669358150E-003
   43.150000000000006        8.0159927541438979E-003   8.0159927541438979E-003
   43.200000000000003        8.0973361362659535E-003   8.0973361362659535E-003
   43.250000000000000        8.1799152398023128E-003   8.1799152398023128E-003
   43.300000000000004        8.2637551080451972E-003   8.2637551080451972E-003
   43.350000000000001        8.3488814202185707E-003   8.3488814202185707E-003
   43.400000000000006        8.4353205101113920E-003   8.4353205101113920E-003
   43.450000000000003        8.5230993875060352E-003   8.5230993875060352E-003
   43.500000000000000        8.6122457577316319E-003   8.6122457577316319E-003
   43.550000000000004        8.7027880439908417E-003   8.7027880439908417E-003
   43.600000000000001        8.7947554096083659E-003   8.7947554096083659E-003
   43.650000000000006        8.8881777811413067E-003   8.8881777811413067E-003
   43.700000000000003        8.9830858723171127E-003   8.9830858723171127E-003
   43.750000000000000        9.0795112091785427E-003   9.0795112091785427E-003
   43.800000000000004        9.1774861560337141E-003   9.1774861560337141E-003
   43.850000000000001        9.2770439419014774E-003   9.2770439419014774E-003
   43.900000000000006        9.3782186886084851E-003   9.3782186886084851E-003
   43.950000000000003        9.4810454393943339E-003   9.4810454393943339E-003
   44.000000000000000        9.5855601896249944E-003   9.5855601896249944E-003
   44.050000000000004        9.6917999168915220E-003   9.6917999168915220E-003
   44.100000000000001        9.7998026140689951E-003   9.7998026140689951E-003
   44.150000000000006        9.9096073225414336E-003   9.9096073225414336E-003
   44.200000000000003        1.0021254167038142E-002   1.0021254167038142E-002
   44.250000000000000        1.0134784392101503E-002   1.0134784392101503E-002
   44.300000000000004        1.0250240399384295E-002   1.0250240399384295E-002
   44.350000000000001        1.0367665787099955E-002   1.0367665787099955E-002
   44.400000000000006        1.0487105390132107E-002   1.0487105390132107E-002
   44.450000000000003        1.0608605323168548E-002   1.0608605323168548E-002
   44.500000000000000        1.0732213023726450E-002   1.0732213023726450E-002
   44.550000000000004        1.0857977298531045E-002   1.0857977298531045E-002
   44.600000000000001        1.0985948370901690E-002   1.0985948370901690E-002
   44.650000000000006        1.1116177930152430E-002   1.1116177930152430E-002
   44.700000000000003        1.1248719183445470E-002   1.1248719183445470E-002
   44.750000000000000        1.1383626909286133E-002   1.1383626909286133E-002
   44.800000000000004        1.1520957513493224E-002   1.1520957513493224E-002
   44.850000000000001        1.1660769087226098E-002   1.1660769087226098E-002
   44.900000000000006        1.1803121468053675E-002   1.1803121468053675E-002
   44.950000000000003        1.1948076303097610E-002   1.1948076303097610E-002
   45.000000000000000        1.2095697114775270E-002   1.2095697114775270E-002
   45.050000000000004        1.2246049369561576E-002   1.2246049369561576E-002
   45.100000000000001        1.2399200549980649E-002   1.2399200549980649E-002
   45.150000000000006        1.2555220229209784E-002   1.2555220229209784E-002
   45.200000000000003        1.2714180148990013E-002   1.2714180148990013E-002
   45.250000000000000        1.2876154301597916E-002   1.2876154301597916E-002
   45.300000000000004        1.3041219014543663E-002   1.3041219014543663E-002
   45.350000000000001        1.3209453039136279E-002   1.3209453039136279E-002
   45.400000000000006        1.3380937644045011E-002   1.3380937644045011E-002
   45.450000000000003        1.3555756712057084E-002   1.3555756712057084E-002
   45.500000000000000        1.3733996840838288E-002   1.3733996840838288E-002
   45.550000000000004        1.3915747449502337E-002   1.3915747449502337E-002
   45.600000000000001        1.4101100889316482E-002   1.4101100889316482E-002
   45.650000000000006        1.4290152559539634E-002   1.4290152559539634E-002
   45.700000000000003        1.4483001029133327E-002   1.4483001029133327E-002
   45.750000000000000        1.4679748162739760E-002   1.4679748162739760E-002
   45.800000000000004        1.4880499255028313E-002   1.4880499255028313E-002
   45.850000000000001        1.5085363168927453E-002   1.5085363168927453E-002
   45.900000000000006        1.5294452481631873E-002   1.5294452481631873E-002
   45.950000000000003        1.5507883637976155E-002   1.5507883637976155E-002
   46.000000000000000        1.5725777109961918E-002   1.5725777109961918E-002
   46.050000000000004        1.5948257565543578E-002   1.5948257565543578E-002
   46.100000000000001        1.6175454044735835E-002   1.6175454044735835E-002
   46.150000000000006        1.6407500143969526E-002   1.6407500143969526E-002
   46.200000000000003        1.6644534211118809E-002   1.6644534211118809E-002
   46.250000000000000        1.6886699549209738E-002   1.6886699549209738E-002
   46.300000000000004        1.7134144630078788E-002   1.7134144630078788E-002
   46.350000000000001        1.7387023320030177E-002   1.7387023320030177E-002
   46.400000000000006        1.7645495116292716E-002   1.7645495116292716E-002
   46.450000000000003        1.7909725395276393E-002   1.7909725395276393E-002
   46.500000000000000        1.8179885674791268E-002   1.8179885674791268E-002
   46.550000000000004        1.8456153888852838E-002   1.8456153888852838E-002
   46.600000000000001        1.8738714678164844E-002   1.8738714678164844E-002
   46.650000000000006        1.9027759694823669E-002   1.9027759694823669E-002
   46.700000000000003        1.9323487923840699E-002   1.9323487923840699E-002
   46.750000000000000        1.9626106022367119E-002   1.9626106022367119E-002
   46.800000000000004        1.9935828676803779E-002   1.9935828676803779E-002
   46.850000000000001        2.0252878979351168E-002   2.0252878979351168E-002
   46.900000000000006        2.0577488825802251E-002   2.0577488825802251E-002
   46.950000000000003        2.0909899335313842E-002   2.0909899335313842E-002
   47.000000000000000        2.1250361293554003E-002   2.1250361293554003E-002
   47.050000000000004        2.1599135621173896E-002   2.1599135621173896E-002
   47.100000000000001        2.1956493868825446E-002   2.1956493868825446E-002
   47.150000000000006        2.2322718740148729E-002   2.2322718740148729E-002
   47.200000000000003        2.2698104645903671E-002   2.2698104645903671E-002
   47.250000000000000        2.3082958289572953E-002   2.3082958289572953E-002
   47.300000000000004        2.3477599288564282E-002   2.3477599288564282E-002
   47.350000000000001        2.3882360831224074E-002   2.3882360831224074E-002
   47.400000000000006        2.4297590373635488E-002   2.4297590373635488E-002
   47.450000000000003        2.4723650378731945E-002   2.4723650378731945E-002
   47.500000000000000        2.5160919099850399E-002   2.5160919099850399E-002
   47.550000000000004        2.5609791413402295E-002   2.5609791413402295E-002
   47.600000000000001        2.6070679703251429E-002   2.6070679703251429E-002
   47.650000000000006        2.6544014797711825E-002   2.6544014797711825E-002
   47.700000000000003        2.7030246970316984E-002   2.7030246970316984E-002
   47.750000000000000        2.7529847001165727E-002   2.7529847001165727E-002
   47.800000000000004        2.8043307306961557E-002   2.8043307306961557E-002
   47.850000000000001        2.8571143145512748E-002   2.8571143145512748E-002
   47.900000000000006        2.9113893898171463E-002   2.9113893898171463E-002
   47.950000000000003        2.9672124437656076E-002   2.9672124437656076E-002
   48.000000000000000        3.0246426587337255E-002   3.0246426587337255E-002
   48.050000000000004        3.0837420678792245E-002   3.0837420678792245E-002
   48.100000000000001        3.1445757215528954E-002   3.1445757215528954E-002
   48.150000000000006        3.2072118651064456E-002   3.2072118651064456E-002
   48.200000000000003        3.2717221290790438E-002   3.2717221290790438E-002
   48.250000000000000        3.3381817327754380E-002   3.3381817327754380E-002
   48.300000000000004        3.4066697021675613E-002   3.4066697021675613E-002
   48.350000000000001        3.4772691035847896E-002   3.4772691035847896E-002
   48.400000000000006        3.5500672940951994E-002   3.5500672940951994E-002
   48.450000000000003        3.6251561905188835E-002   3.6251561905188835E-002
   48.500000000000000        3.7026325580380208E-002   3.7026325580380208E-002
   48.550000000000004        3.7825983206100464E-002   3.7825983206100464E-002
   48.600000000000001        3.8651608947044516E-002   3.8651608947044516E-002
   48.650000000000006        3.9504335486428080E-002   3.9504335486428080E-002
   48.700000000000003        4.0385357896745744E-002   4.0385357896745744E-002
   48.750000000000000        4.1295937812818241E-002   4.1295937812818241E-002
   48.800000000000004        4.2237407936234074E-002   4.2237407936234074E-002
   48.850000000000001        4.3211176897374304E-002   4.3211176897374304E-002
   48.900000000000006        4.4218734514632624E-002   4.4218734514632624E-002
   48.950000000000003        4.5261657480786380E-002   4.5261657480786380E-002
   49.000000000000000        4.6341615522957180E-002   4.6341615522957180E-002
   49.050000000000004        4.7460378079863273E-002   4.7460378079863273E-002
   49.100000000000001        4.8619821543442673E-002   4.8619821543442673E-002
   49.150000000000006        4.9821937126636344E-002   4.9821937126636344E-002
   49.200000000000003        5.1068839414817026E-002   5.1068839414817026E-002
   49.250000000000000        5.2362775672389027E-002   5.2362775672389027E-002
   49.300000000000004        5.3706135980559178E-002   5.3706135980559178E-002
   49.350000000000001        5.5101464294981514E-002   5.5101464294981514E-002
   49.400000000000006        5.6551470516543127E-002   5.6551470516543127E-002
   49.450000000000003        5.8059043686523530E-002   5.8059043686523530E-002
   49.500000000000000        5.9627266427058144E-002   5.9627266427058144E-002
   49.550000000000004        6.1259430762035813E-002   6.1259430762035813E-002
   49.600000000000001        6.2959055474090780E-002   6.2959055474090780E-002
   49.650000000000006        6.4729905169483307E-002   6.4729905169483307E-002
   49.700000000000003        6.6576011248087305E-002   6.6576011248087305E-002
   49.750000000000000        6.8501694999381163E-002   6.8501694999381163E-002
   49.800000000000004        7.0511593074912962E-002   7.0511593074912962E-002
   49.850000000000001        7.2610685623958823E-002   7.2610685623958823E-002
   49.900000000000006        7.4804327415198907E-002   7.4804327415198907E-002
   49.950000000000003        7.7098282315697361E-002   7.7098282315697361E-002
   50.000000000000000        7.9498761547466448E-002   7.9498761547466448E-002
   50.050000000000004        8.2012466208711762E-002   8.2012466208711762E-002
   50.100000000000001        8.4646634606839383E-002   8.4646634606839383E-002
   50.150000000000006        8.7409095051338564E-002   8.7409095051338564E-002
   50.200000000000003        9.0308324832792899E-002   9.0308324832792899E-002
   50.250000000000000        9.3353516235538420E-002   9.3353516235538420E-002
   50.300000000000004        9.6554650574802281E-002   9.6554650574802281E-002
   50.350000000000001        9.9922581385125775E-002   9.9922581385125775E-002
   50.400000000000006       0.10346912809879937       0.10346912809879937     
   50.450000000000003       0.10720718175254021       0.10720718175254021     
   50.500000000000000       0.11115082453886339       0.11115082453886339     
   50.550000000000004       0.11531546532300506       0.11531546532300506     
   50.600000000000001       0.11971799362967300       0.11971799362967300     
   50.650000000000006       0.12437695505381162       0.12437695505381162     
   50.700000000000003       0.12931275159149092       0.12931275159149092     
   50.750000000000000       0.13454787105155688       0.13454787105155688     
   50.800000000000004       0.14010715051344383       0.14010715051344383     
   50.850000000000001       0.14601807976374775       0.14601807976374775     
   50.900000000000006       0.15231115185623245       0.15231115185623245     
   50.950000000000003       0.15902026941347955       0.15902026941347955     
   51.000000000000000       0.16618321709609149       0.16618321709609149     
   51.050000000000004       0.17384221295130484       0.17384221295130484     
   51.100000000000001       0.18204455416075657       0.18204455416075657     
   51.150000000000006       0.19084337625787726       0.19084337625787726     
   51.200000000000003       0.20029854934349123       0.20029854934349123     
   51.250000000000000       0.21047774049467999       0.21047774049467999     
   51.300000000000004       0.22145767876746794       0.22145767876746794     
   51.350000000000001       0.23332566846932173       0.23332566846932173     
   51.400000000000006       0.24618140827643650       0.24618140827643650     
   51.450000000000003       0.26013918933461155       0.26013918933461155     
   51.500000000000000       0.27533056570082870       0.27533056570082870     
   51.550000000000004       0.29190761720500513       0.29190761720500513     
   51.600000000000001       0.31004696018101002       0.31004696018101002     
   51.650000000000006       0.32995470874181421       0.32995470874181421     
   51.700000000000003       0.35187265284062724       0.35187265284062724     
   51.750000000000000       0.37608600541633630       0.37608600541633630     
   51.800000000000004       0.40293318843554199       0.40293318843554199     
   51.850000000000001       0.43281828902262659       0.43281828902262659     
   51.900000000000006       0.46622703995682158       0.46622703995682158     
   51.950000000000003       0.50374748850772022       0.50374748850772022     
   52.000000000000000       0.54609694846143197       0.54609694846143197     
   52.050000000000004       0.59415742842248909       0.59415742842248909     
   52.100000000000001       0.64902255173640178       0.64902255173640178     
   52.150000000000006       0.71206008628426831       0.71206008628426831     
   52.200000000000003       0.78499560020065495       0.78499560020065495     
   52.250000000000000       0.87002429634636669       0.87002429634636669     
   52.300000000000004       0.96995905771001623       0.96995905771001623     
   52.350000000000001        1.0884208773805015        1.0884208773805015     
