  0.10000000000000001        4.6611267382206059E-006   3.4850989842394529     
  0.15000000000000002        6.8707336958249229E-006   3.4776509580921502     
  0.20000000000000001        8.9501888849377648E-006   3.4702056846614346     
  0.25000000000000000        1.0872595297774778E-005   3.4627638513056560     
  0.30000000000000004        1.2618592975525294E-005   3.4553260542866067     
  0.35000000000000003        1.4175697048178789E-005   3.4478928113299547     
  0.40000000000000002        1.5537571093304802E-005   3.4404645724517762     
  0.45000000000000001        1.6703263511046265E-005   3.4330417292906326     
  0.50000000000000000        1.7676431200800823E-005   3.4256246231515224     
  0.55000000000000004        1.8464571287721002E-005   3.4182135519395693     
  0.60000000000000009        1.9078278270598922E-005   3.4108087761367232     
  0.65000000000000002        1.9530540525125714E-005   3.4034105239535819     
  0.70000000000000007        1.9836087060802880E-005   3.3960189957701972     
  0.75000000000000000        2.0010792403024642E-005   3.3886343679639901     
  0.80000000000000004        2.0071144786981271E-005   3.3812567962094042     
  0.85000000000000009        2.0033780646306921E-005   3.3738864183221606     
  0.90000000000000002        1.9915086170581736E-005   3.3665233567109727     
  0.95000000000000007        1.9730865007522458E-005   3.3591677204908987     
   1.0000000000000000        1.9496069700153378E-005   3.3518196073050270     
   1.0500000000000000        1.9224593345097164E-005   3.3444791048947029     
   1.1000000000000001        1.8929117096792489E-005   3.3371462924530424     
   1.1500000000000001        1.8621008409419543E-005   3.3298212417916311     
   1.2000000000000002        1.8310264522100993E-005   3.3225040183461232     
   1.2500000000000000        1.8005495540769315E-005   3.3151946820430225     
   1.3000000000000000        1.7713941402260733E-005   3.3078932880468259     
   1.3500000000000001        1.7441517052796514E-005   3.3005998874039446     
   1.4000000000000001        1.7192880428788947E-005   3.2933145275977047     
   1.4500000000000002        1.6971518240610104E-005   3.2860372530266861     
   1.5000000000000000        1.6779844749894411E-005   3.2787681054169666     
   1.5500000000000000        1.6619309356390139E-005   3.2715071241774067     
   1.6000000000000001        1.6490509144994475E-005   3.2642543467058003     
   1.6500000000000001        1.6393303097520231E-005   3.2570098086526991     
   1.7000000000000002        1.6326925150103545E-005   3.2497735441487112     
   1.7500000000000000        1.6290093751717640E-005   3.2425455860003733     
   1.8000000000000000        1.6281115963324821E-005   3.2353259658588822     
   1.8500000000000001        1.6297984712688448E-005   3.2281147143654341     
   1.9000000000000001        1.6338468020085135E-005   3.2209118612764489     
   1.9500000000000002        1.6400189486378034E-005   3.2137174355713518     
   2.0000000000000000        1.6480699651969706E-005   3.2065314655454102     
   2.0500000000000003        1.6577538064918312E-005   3.1993539788896821     
   2.1000000000000001        1.6688286126251720E-005   3.1921850027597878     
   2.1499999999999999        1.6810610986977995E-005   3.1850245638351131     
   2.2000000000000002        1.6942300983036500E-005   3.1778726883697188     
   2.2500000000000000        1.7081293076673950E-005   3.1707294022361698     
   2.3000000000000003        1.7225692961636828E-005   3.1635947309631556     
   2.3500000000000001        1.7373788614909125E-005   3.1564686997678360     
   2.4000000000000004        1.7524057973335497E-005   3.1493513335836321     
   2.4500000000000002        1.7675171478183103E-005   3.1422426570840694     
   2.5000000000000000        1.7825990193829637E-005   3.1351426947032404     
   2.5500000000000003        1.7975560340304419E-005   3.1280514706533253     
   2.6000000000000001        1.8123104791270858E-005   3.1209690089395843     
   2.6500000000000004        1.8268012290911722E-005   3.1138953333732169     
   2.7000000000000002        1.8409824882383044E-005   3.1068304675823128     
   2.7500000000000000        1.8548224189825124E-005   3.0997744350211942     
   2.8000000000000003        1.8683016895755049E-005   3.0927272589783992     
   2.8500000000000001        1.8814119952966833E-005   3.0856889625834154     
   2.9000000000000004        1.8941545825517109E-005   3.0786595688124323     
   2.9500000000000002        1.9065388060179979E-005   3.0716391004931736     
   3.0000000000000000        1.9185807442122546E-005   3.0646275803089833     
   3.0500000000000003        1.9303018945968588E-005   3.0576250308022486     
   3.1000000000000001        1.9417279583888871E-005   3.0506314743772358     
   3.1500000000000004        1.9528877295181508E-005   3.0436469333024583     
   3.2000000000000002        1.9638120925324090E-005   3.0366714297126238     
   3.2500000000000000        1.9745331311051640E-005   3.0297049856102176     
   3.3000000000000003        1.9850833530515570E-005   3.0227476228667722     
   3.3500000000000001        1.9954950242170719E-005   3.0157993632238695     
   3.4000000000000004        2.0057996101442156E-005   3.0088602282939281     
   3.4500000000000002        2.0160273144127247E-005   3.0019302395607759     
   3.5000000000000000        2.0262067194601124E-005   2.9950094183800582     
   3.5500000000000003        2.0363645075636565E-005   2.9880977859795022     
   3.6000000000000001        2.0465252658427527E-005   2.9811953634590758     
   3.6500000000000004        2.0567113568692809E-005   2.9743021717910070     
   3.7000000000000002        2.0669428553314595E-005   2.9674182318197424     
   3.7500000000000000        2.0772375363227009E-005   2.9605435642618105     
   3.8000000000000003        2.0876109078293748E-005   2.9536781897056312     
   3.8500000000000001        2.0980762820972725E-005   2.9468221286112750     
   3.9000000000000004        2.1086448773422179E-005   2.9399754013101460     
   3.9500000000000002        2.1193259432136003E-005   2.9331380280046706     
   4.0000000000000000        2.1301269029496663E-005   2.9263100287679120     
   4.0499999999999998        2.1410535085320423E-005   2.9194914235431910     
   4.1000000000000005        2.1521100027899578E-005   2.9126822321436454     
   4.1500000000000004        2.1632992857983399E-005   2.9058824742518130     
   4.2000000000000002        2.1746230726247002E-005   2.8990921694191738     
   4.2500000000000000        2.1860820624883602E-005   2.8923113370656823     
   4.2999999999999998        2.1976760907812000E-005   2.8855399964793143     
   4.3500000000000005        2.2094042725910465E-005   2.8787781668155712     
   4.4000000000000004        2.2212651431099679E-005   2.8720258670969918     
   4.4500000000000002        2.2332567825867522E-005   2.8652831162126833     
   4.5000000000000000        2.2453769327730475E-005   2.8585499329178283     
   4.5499999999999998        2.2576231013721548E-005   2.8518263358331843     
   4.6000000000000005        2.2699926520419425E-005   2.8451123434446122     
   4.6500000000000004        2.2824828851246840E-005   2.8384079741025823     
   4.7000000000000002        2.2950911109464857E-005   2.8317132460216921     
   4.7500000000000000        2.3078147045384812E-005   2.8250281772801928     
   4.8000000000000007        2.3206511553511164E-005   2.8183527858195045     
   4.8500000000000005        2.3335981064939973E-005   2.8116870894437409     
   4.9000000000000004        2.3466533864401219E-005   2.8050311058192543     
   4.9500000000000002        2.3598150315820968E-005   2.7983848524741659     
   5.0000000000000000        2.3730813019507300E-005   2.7917483467979252     
   5.0500000000000007        2.3864506905553923E-005   2.7851216060408408     
   5.1000000000000005        2.3999219312508680E-005   2.7785046473136505     
   5.1500000000000004        2.4134939960954154E-005   2.7718974875870854     
   5.2000000000000002        2.4271660902247543E-005   2.7653001436914293     
   5.2500000000000000        2.4409376471520946E-005   2.7587126323161031     
   5.3000000000000007        2.4548083162798394E-005   2.7521349700092603     
   5.3500000000000005        2.4687779544416068E-005   2.7455671731773537     
   5.4000000000000004        2.4828466101896825E-005   2.7390092580847591     
   5.4500000000000002        2.4970145115639035E-005   2.7324612408533686     
   5.5000000000000000        2.5112820496442659E-005   2.7259231374622033     
   5.5500000000000007        2.5256497616160246E-005   2.7193949637470380     
   5.6000000000000005        2.5401183214255975E-005   2.7128767354000485     
   5.6500000000000004        2.5546885240498281E-005   2.7063684679694218     
   5.7000000000000002        2.5693612689352869E-005   2.6998701768590161     
   5.7500000000000000        2.5841375468408645E-005   2.6933818773280178     
   5.8000000000000007        2.5990184281669636E-005   2.6869035844905946     
   5.8500000000000005        2.6140050502200898E-005   2.6804353133155594     
   5.9000000000000004        2.6290986060621062E-005   2.6739770786260557     
   5.9500000000000002        2.6443003373744169E-005   2.6675288950992488     
   6.0000000000000000        2.6596115221100013E-005   2.6610907772660206     
   6.0500000000000007        2.6750334684945634E-005   2.6546627395106595     
   6.1000000000000005        2.6905675069296464E-005   2.6482447960705757     
   6.1500000000000004        2.7062149853755831E-005   2.6418369610360193     
   6.2000000000000002        2.7219772622589853E-005   2.6354392483498104     
   6.2500000000000000        2.7378557042403365E-005   2.6290516718070758     
   6.3000000000000007        2.7538516825650140E-005   2.6226742450549865     
   6.3500000000000005        2.7699665676682139E-005   2.6163069815925066     
   6.4000000000000004        2.7862017296752804E-005   2.6099498947701671     
   6.4500000000000002        2.8025585351382223E-005   2.6036029977898214     
   6.5000000000000000        2.8190383455816033E-005   2.5972663037044215     
   6.5500000000000007        2.8356425172605945E-005   2.5909398254178044     
   6.6000000000000005        2.8523724037215201E-005   2.5846235756844922     
   6.6500000000000004        2.8692293531306333E-005   2.5783175671094867     
   6.7000000000000002        2.8862147075042574E-005   2.5720218121480767     
   6.7500000000000000        2.9033298056414251E-005   2.5657363231056656     
   6.8000000000000007        2.9205759822328563E-005   2.5594611121375874     
   6.8500000000000005        2.9379545690608756E-005   2.5531961912489534     
   6.9000000000000004        2.9554668963552537E-005   2.5469415722944735     
   6.9500000000000002        2.9731142959314041E-005   2.5406972669783277     
   7.0000000000000000        2.9908980978058830E-005   2.5344632868540233     
   7.0500000000000007        3.0088196362166060E-005   2.5282396433242522     
   7.1000000000000005        3.0268802481692427E-005   2.5220263476407743     
   7.1500000000000004        3.0450812766148320E-005   2.5158234109043001     
   7.2000000000000002        3.0634240687102056E-005   2.5096308440643909     
   7.2500000000000000        3.0819099787080628E-005   2.5034486579193445     
   7.3000000000000007        3.1005403706947495E-005   2.4972768631161153     
   7.3500000000000005        3.1193166169831534E-005   2.4911154701502305     
   7.4000000000000004        3.1382401018878137E-005   2.4849644893657126     
   7.4500000000000002        3.1573122194091641E-005   2.4788239309550129     
   7.5000000000000000        3.1765343771812217E-005   2.4726938049589555     
   7.5500000000000007        3.1959079947543631E-005   2.4665741212666870     
   7.6000000000000005        3.2154345091988220E-005   2.4604648896156331     
   7.6500000000000004        3.2351153688776877E-005   2.4543661195914654     
   7.7000000000000002        3.2549520375525429E-005   2.4482778206280775     
   7.7500000000000000        3.2749459964801491E-005   2.4422000020075680     
   7.8000000000000007        3.2950987445718814E-005   2.4361326728602317     
   7.8500000000000005        3.3154117978640158E-005   2.4300758421645443     
   7.9000000000000004        3.3358866896609403E-005   2.4240295187471923     
   7.9500000000000002        3.3565249703340465E-005   2.4179937112830645     
   8.0000000000000000        3.3773282120641773E-005   2.4119684282952893     
   8.0500000000000007        3.3982980046359362E-005   2.4059536781552660     
   8.0999999999999996        3.4194359581384591E-005   2.3999494690826984     
   8.1500000000000004        3.4407437020446128E-005   2.3939558091456359     
   8.2000000000000011        3.4622228858546556E-005   2.3879727062605385     
   8.2500000000000000        3.4838751791137259E-005   2.3820001681923348     
   8.3000000000000007        3.5057022752591945E-005   2.3760382025544780     
   8.3499999999999996        3.5277058860307980E-005   2.3700868168090481     
   8.4000000000000004        3.5498877451208214E-005   2.3641460182668195     
   8.4500000000000011        3.5722496070290817E-005   2.3582158140873610     
   8.5000000000000000        3.5947932510917117E-005   2.3522962112791359     
   8.5500000000000007        3.6175204782802849E-005   2.3463872166996040     
   8.5999999999999996        3.6404331103246043E-005   2.3404888370553385     
   8.6500000000000004        3.6635329924924793E-005   2.3346010789021534     
   8.7000000000000011        3.6868219939414229E-005   2.3287239486452420     
   8.7500000000000000        3.7103020062660240E-005   2.3228574525393109     
   8.8000000000000007        3.7339749459627743E-005   2.3170015966887125     
   8.8499999999999996        3.7578427519195458E-005   2.3111563870476002     
   8.9000000000000004        3.7819073874818059E-005   2.3053218294201043     
   8.9500000000000011        3.8061708411535583E-005   2.2994979294604869     
   9.0000000000000000        3.8306351248913001E-005   2.2936846926733252     
   9.0500000000000007        3.8553022764082288E-005   2.2878821244136942     
   9.0999999999999996        3.8801743577617858E-005   2.2820902298873493     
   9.1500000000000004        3.9052534580350444E-005   2.2763090141509212     
   9.2000000000000011        3.9305416913871330E-005   2.2705384821121308     
   9.2500000000000000        3.9560411987191806E-005   2.2647786385299939     
   9.3000000000000007        3.9817541480086194E-005   2.2590294880150381     
   9.3499999999999996        4.0076827328754618E-005   2.2532910350295228     
   9.4000000000000004        4.0338291756185846E-005   2.2475632838876831     
   9.4500000000000011        4.0601957255571766E-005   2.2418462387559717     
   9.5000000000000000        4.0867846614721105E-005   2.2361399036532807     
   9.5500000000000007        4.1135982892735333E-005   2.2304442824512107     
   9.6000000000000014        4.1406389442970808E-005   2.2247593788743352     
   9.6500000000000004        4.1679089902759958E-005   2.2190851965004543     
   9.7000000000000011        4.1954108207639841E-005   2.2134217387608683     
   9.7500000000000000        4.2231468612045763E-005   2.2077690089406681     
   9.8000000000000007        4.2511195654339647E-005   2.2021270101790078     
   9.8500000000000014        4.2793314185608406E-005   2.1964957454694041     
   9.9000000000000004        4.3077849377418430E-005   2.1908752176600292     
   9.9500000000000011        4.3364826716258060E-005   2.1852654294540224     
   10.000000000000000        4.3654272020436022E-005   2.1796663834097982     
   10.050000000000001        4.3946211441206539E-005   2.1740780819413588     
   10.100000000000001        4.4240671446379986E-005   2.1685005273186206     
   10.150000000000000        4.4537678844990140E-005   2.1629337216677622     
   10.200000000000001        4.4837260797245708E-005   2.1573776669715343     
   10.250000000000000        4.5139444807317989E-005   2.1518323650696178     
   10.300000000000001        4.5444258719381775E-005   2.1462978176589553     
   10.350000000000001        4.5751730757545739E-005   2.1407740262941255     
   10.400000000000000        4.6061889507639758E-005   2.1352609923876908     
   10.450000000000001        4.6374763917305004E-005   2.1297587172105645     
   10.500000000000000        4.6690383316543493E-005   2.1242672018923838     
   10.550000000000001        4.7008777402315917E-005   2.1187864474218889     
   10.600000000000001        4.7329976268221721E-005   2.1133164546473102     
   10.650000000000000        4.7654010401580030E-005   2.1078572242767426     
   10.700000000000001        4.7980910681345280E-005   2.1024087568785617     
   10.750000000000000        4.8310708408615653E-005   2.0969710528818015     
   10.800000000000001        4.8643435283893892E-005   2.0915441125765608     
   10.850000000000001        4.8979123426925622E-005   2.0861279361144347     
   10.900000000000000        4.9317805370974950E-005   2.0807225235089124     
   10.950000000000001        4.9659514080517793E-005   2.0753278746358075     
   11.000000000000000        5.0004282974199117E-005   2.0699439892336762     
   11.050000000000001        5.0352145890113746E-005   2.0645708669042482     
   11.100000000000001        5.0703137125453867E-005   2.0592085071128863     
   11.150000000000000        5.1057291446241519E-005   2.0538569091889909     
   11.200000000000001        5.1414644079918583E-005   2.0485160723264704     
   11.250000000000000        5.1775230717785824E-005   2.0431859955841860     
   11.300000000000001        5.2139087520308353E-005   2.0378666778864152     
   11.350000000000001        5.2506251159344761E-005   2.0325581180233119     
   11.400000000000000        5.2876758781115807E-005   2.0272603146513646     
   11.450000000000001        5.3250648038046368E-005   2.0219732662938639     
   11.500000000000000        5.3627957094480716E-005   2.0166969713413936     
   11.550000000000001        5.4008724642325503E-005   2.0114314280523002     
   11.600000000000001        5.4392989871772424E-005   2.0061766345531744     
   11.650000000000000        5.4780792523991868E-005   2.0009325888393428     
   11.700000000000001        5.5172172870681819E-005   1.9956992887753608     
   11.750000000000000        5.5567171753914888E-005   1.9904767320955163     
   11.800000000000001        5.5965830550579955E-005   1.9852649164043192     
   11.850000000000001        5.6368191217818238E-005   1.9800638391770167     
   11.900000000000000        5.6774296295302098E-005   1.9748734977600930     
   11.950000000000001        5.7184188898624688E-005   1.9696938893717966     
   12.000000000000000        5.7597912756825523E-005   1.9645250111026573     
   12.050000000000001        5.8015512186148155E-005   1.9593668599159921     
   12.100000000000001        5.8437032124267232E-005   1.9542194326484477     
   12.150000000000000        5.8862518126446464E-005   1.9490827260105144     
   12.200000000000001        5.9292016383477461E-005   1.9439567365870729     
   12.250000000000000        5.9725573743269198E-005   1.9388414608379312     
   12.300000000000001        6.0163237707073277E-005   1.9337368950983498     
   12.350000000000001        6.0605056430827547E-005   1.9286430355795998     
   12.400000000000000        6.1051078749608311E-005   1.9235598783695096     
   12.450000000000001        6.1501354187932950E-005   1.9184874194330077     
   12.500000000000000        6.1955932973726770E-005   1.9134256546126844     
   12.550000000000001        6.2414866035507700E-005   1.9083745796293479     
   12.600000000000001        6.2878205029755763E-005   1.9033341900825851     
   12.650000000000000        6.3346002334075898E-005   1.8983044814513228     
   12.700000000000001        6.3818311077783519E-005   1.8932854490943940     
   12.750000000000000        6.4295185146182775E-005   1.8882770882511095     
   12.800000000000001        6.4776679204558540E-005   1.8832793940418366     
   12.850000000000001        6.5262848691340620E-005   1.8782923614685738     
   12.900000000000000        6.5753749847857857E-005   1.8733159854155284     
   12.950000000000001        6.6249439702501740E-005   1.8683502606496891     
   13.000000000000000        6.6749976141793299E-005   1.8633951818214229     
   13.050000000000001        6.7255417847458625E-005   1.8584507434650519     
   13.100000000000001        6.7765824363551135E-005   1.8535169399994493     
   13.150000000000000        6.8281256105788126E-005   1.8485937657286335     
   13.200000000000001        6.8801774368979063E-005   1.8436812148423585     
   13.250000000000000        6.9327441334526076E-005   1.8387792814167212     
   13.300000000000001        6.9858320089484060E-005   1.8338879594147464     
   13.350000000000001        7.0394474628258696E-005   1.8290072426870025     
   13.400000000000000        7.0935969888737179E-005   1.8241371249721872     
   13.450000000000001        7.1482871762271018E-005   1.8192775998977604     
   13.500000000000000        7.2035247119529793E-005   1.8144286609805302     
   13.550000000000001        7.2593163811422571E-005   1.8095903016272823     
   13.600000000000001        7.3156690677967349E-005   1.8047625151353788     
   13.650000000000000        7.3725897581642451E-005   1.7999452946933774     
   13.700000000000001        7.4300855415218873E-005   1.7951386333816468     
   13.750000000000000        7.4881636133239770E-005   1.7903425241729776     
   13.800000000000001        7.5468312777685658E-005   1.7855569599332197     
   13.850000000000001        7.6060959469371263E-005   1.7807819334218924     
   13.900000000000000        7.6659651411607516E-005   1.7760174372928226     
   13.950000000000001        7.7264464967897759E-005   1.7712634640947547     
   14.000000000000000        7.7875477616750751E-005   1.7665200062719770     
   14.050000000000001        7.8492768014563438E-005   1.7617870561649644     
   14.100000000000001        7.9116416010505225E-005   1.7570646060109907     
   14.150000000000000        7.9746502647223274E-005   1.7523526479447704     
   14.200000000000001        8.0383110188144205E-005   1.7476511739990945     
   14.250000000000000        8.1026322150199440E-005   1.7429601761054658     
   14.300000000000001        8.1676223322863425E-005   1.7382796460947227     
   14.350000000000001        8.2332899769846002E-005   1.7336095756976797     
   14.400000000000000        8.2996438881946820E-005   1.7289499565457693     
   14.450000000000001        8.3666929385781057E-005   1.7243007801716781     
   14.500000000000000        8.4344461365455962E-005   1.7196620380099947     
   14.550000000000001        8.5029126267954983E-005   1.7150337213978311     
   14.600000000000001        8.5721016963809414E-005   1.7104158215754737     
   14.650000000000000        8.6420227761547445E-005   1.7058083296870346     
   14.700000000000001        8.7126854408478002E-005   1.7012112367810901     
   14.750000000000000        8.7840994124962932E-005   1.6966245338113197     
   14.800000000000001        8.8562745644500202E-005   1.6920482116371527     
   14.850000000000001        8.9292209247007686E-005   1.6874822610244182     
   14.900000000000000        9.0029486758782357E-005   1.6829266726459853     
   14.950000000000001        9.0774681594404081E-005   1.6783814370824073     
   15.000000000000000        9.1527898790037113E-005   1.6738465448225790     
   15.050000000000001        9.2289245007429787E-005   1.6693219862643787     
   15.100000000000001        9.3058828596908821E-005   1.6648077517153108     
   15.150000000000000        9.3836759610008250E-005   1.6603038313931628     
   15.200000000000001        9.4623149818320935E-005   1.6558102154266499     
   15.250000000000000        9.5418112763543945E-005   1.6513268938560610     
   15.300000000000001        9.6221763791518936E-005   1.6468538566339170     
   15.350000000000001        9.7034220065842034E-005   1.6423910936255977     
   15.400000000000000        9.7855600584542863E-005   1.6379385946100264     
   15.450000000000001        9.8686026264076062E-005   1.6334963492802967     
   15.500000000000000        9.9525619946751249E-005   1.6290643472443183     
   15.550000000000001        1.0037450642772792E-004   1.6246425780254758     
   15.600000000000001        1.0123281249600919E-004   1.6202310310632835     
   15.650000000000000        1.0210066698844490E-004   1.6158296957140135     
   15.700000000000001        1.0297820079497548E-004   1.6114385612513675     
   15.750000000000000        1.0386554691203076E-004   1.6070576168671042     
   15.800000000000001        1.0476284047591153E-004   1.6026868516717068     
   15.850000000000001        1.0567021882345287E-004   1.5983262546950294     
   15.900000000000000        1.0658782148945189E-004   1.5939758148869319     
   15.950000000000001        1.0751579028939578E-004   1.5896355211179378     
   16.000000000000000        1.0845426932635975E-004   1.5853053621798823     
   16.050000000000001        1.0940340505254775E-004   1.5809853267865503     
   16.100000000000001        1.1036334632536890E-004   1.5766754035743302     
   16.150000000000002        1.1133424440170921E-004   1.5723755811028615     
   16.199999999999999        1.1231625303045491E-004   1.5680858478556712     
   16.250000000000000        1.1330952848476533E-004   1.5638061922408253     
   16.300000000000001        1.1431422959317564E-004   1.5595366025915687     
   16.350000000000001        1.1533051781270540E-004   1.5552770671669727     
   16.400000000000002        1.1635855726549529E-004   1.5510275741525736     
   16.449999999999999        1.1739851476854771E-004   1.5467881116610118     
   16.500000000000000        1.1845055989810641E-004   1.5425586677326706     
   16.550000000000001        1.1951486507232971E-004   1.5383392303363401     
   16.600000000000001        1.2059160554962153E-004   1.5341297873698259     
   16.650000000000002        1.2168095953355671E-004   1.5299303266605935     
   16.699999999999999        1.2278310817563862E-004   1.5257408359664169     
   16.750000000000000        1.2389823565335422E-004   1.5215613029760093     
   16.800000000000001        1.2502652924034502E-004   1.5173917153096652     
   16.850000000000001        1.2616817933394623E-004   1.5132320605198748     
   16.900000000000002        1.2732337954783160E-004   1.5090823260919730     
   16.949999999999999        1.2849232676053913E-004   1.5049424994447698     
   17.000000000000000        1.2967522117762059E-004   1.5008125679311781     
   17.050000000000001        1.3087226636628892E-004   1.4966925188388343     
   17.100000000000001        1.3208366934167919E-004   1.4925823393907509     
   17.150000000000002        1.3330964064156965E-004   1.4884820167459125     
   17.199999999999999        1.3455039438847608E-004   1.4843915379999346     
   17.250000000000000        1.3580614834898165E-004   1.4803108901856601     
   17.300000000000001        1.3707712400995635E-004   1.4762400602737875     
   17.350000000000001        1.3836354661986831E-004   1.4721790351735062     
   17.400000000000002        1.3966564530404197E-004   1.4681278017331085     
   17.449999999999999        1.4098365311334893E-004   1.4640863467406033     
   17.500000000000000        1.4231780711110209E-004   1.4600546569243407     
   17.550000000000001        1.4366834845011502E-004   1.4560327189536182     
   17.600000000000001        1.4503552241764808E-004   1.4520205194393059     
   17.650000000000002        1.4641957855644262E-004   1.4480180449344573     
   17.699999999999999        1.4782077074206794E-004   1.4440252819349115     
   17.750000000000000        1.4923935725282049E-004   1.4400422168799103     
   17.800000000000001        1.5067560083041273E-004   1.4360688361527030     
   17.850000000000001        1.5212976879758644E-004   1.4321051260811450     
   17.900000000000002        1.5360213316119984E-004   1.4281510729383198     
   17.949999999999999        1.5509297067664403E-004   1.4242066629431400     
   18.000000000000000        1.5660256292237721E-004   1.4202718822609297     
   18.050000000000001        1.5813119643201518E-004   1.4163467170040422     
   18.100000000000001        1.5967916276255569E-004   1.4124311532324398     
   18.150000000000002        1.6124675861499318E-004   1.4085251769542910     
   18.199999999999999        1.6283428591782153E-004   1.4046287741265842     
   18.250000000000000        1.6444205193400294E-004   1.4007419306557101     
   18.300000000000001        1.6607036936181456E-004   1.3968646323980349     
   18.350000000000001        1.6771955643438564E-004   1.3929968651605067     
   18.400000000000002        1.6938993705013832E-004   1.3891386147012366     
   18.449999999999999        1.7108184085627673E-004   1.3852898667300781     
   18.500000000000000        1.7279560338965945E-004   1.3814506069092145     
   18.550000000000001        1.7453156618560056E-004   1.3776208208537399     
   18.600000000000001        1.7629007686245426E-004   1.3738004941322248     
   18.650000000000002        1.7807148928680906E-004   1.3699896122673150     
   18.699999999999999        1.7987616366591780E-004   1.3661881607362818     
   18.750000000000000        1.8170446668299965E-004   1.3623961249716139     
   18.800000000000001        1.8355677163223820E-004   1.3586134903615661     
   18.850000000000001        1.8543345853393070E-004   1.3548402422507415     
   18.900000000000002        1.8733491427706540E-004   1.3510763659406444     
   18.949999999999999        1.8926153276781866E-004   1.3473218466902628     
   19.000000000000000        1.9121371505811190E-004   1.3435766697166134     
   19.050000000000001        1.9319186946726712E-004   1.3398408201953023     
   19.100000000000001        1.9519641176682809E-004   1.3361142832610911     
   19.150000000000002        1.9722776529533081E-004   1.3323970440084454     
   19.200000000000003        1.9928636112302459E-004   1.3286890874920809     
   19.250000000000000        2.0137263821321040E-004   1.3249903987275231     
   19.300000000000001        2.0348704357198491E-004   1.3213009626916477     
   19.350000000000001        2.0563003240287394E-004   1.3176207643232385     
   19.400000000000002        2.0780206828859666E-004   1.3139497885235110     
   19.450000000000003        2.1000362334835167E-004   1.3102880201566549     
   19.500000000000000        2.1223517839220806E-004   1.3066354440503956     
   19.550000000000001        2.1449722312733108E-004   1.3029920449965064     
   19.600000000000001        2.1679025633579321E-004   1.2993578077513515     
   19.650000000000002        2.1911478604798843E-004   1.2957327170364188     
   19.700000000000003        2.2147132975219489E-004   1.2921167575388477     
   19.750000000000000        2.2386041454586415E-004   1.2885099139119400     
   19.800000000000001        2.2628257733191718E-004   1.2849121707757143     
   19.850000000000001        2.2873836504464461E-004   1.2813235127174090     
   19.900000000000002        2.3122833486131117E-004   1.2777439242920046     
   19.950000000000003        2.3375305438375185E-004   1.2741733900227314     
   20.000000000000000        2.3631310187374058E-004   1.2706118944015998     
   20.050000000000001        2.3890906644759280E-004   1.2670594218899121     
   20.100000000000001        2.4154154831265424E-004   1.2635159569187462     
   20.150000000000002        2.4421115898629227E-004   1.2599814838894985     
   20.200000000000003        2.4691852153191737E-004   1.2564559871743601     
   20.250000000000000        2.4966427081057104E-004   1.2529394511168286     
   20.300000000000001        2.5244905370676258E-004   1.2494318600322143     
   20.350000000000001        2.5527352938339729E-004   1.2459331982081341     
   20.400000000000002        2.5813836954282986E-004   1.2424434499050028     
   20.450000000000003        2.6104425863925280E-004   1.2389625993565236     
   20.500000000000000        2.6399189421140787E-004   1.2354906307701785     
   20.550000000000001        2.6698198710670688E-004   1.2320275283277164     
   20.600000000000001        2.7001526178177938E-004   1.2285732761856352     
   20.650000000000002        2.7309245655046693E-004   1.2251278584756651     
   20.700000000000003        2.7621432391158245E-004   1.2216912593052489     
   20.750000000000000        2.7938163084199121E-004   1.2182634627580118     
   20.800000000000001        2.8259515906639749E-004   1.2148444528942532     
   20.850000000000001        2.8585570537842072E-004   1.2114342137514000     
   20.900000000000002        2.8916408195543247E-004   1.2080327293444728     
   20.950000000000003        2.9252111669418482E-004   1.2046399836665695     
   21.000000000000000        2.9592765353551995E-004   1.2012559606893214     
   21.050000000000001        2.9938455279563558E-004   1.1978806443633552     
   21.100000000000001        3.0289269150066914E-004   1.1945140186187415     
   21.150000000000002        3.0645296374606502E-004   1.1911560673654600     
   21.200000000000003        3.1006628105991483E-004   1.1878067744938492     
   21.250000000000000        3.1373357275758053E-004   1.1844661238750613     
   21.300000000000001        3.1745578634409798E-004   1.1811340993615065     
   21.350000000000001        3.2123388787115266E-004   1.1778106847872984     
   21.400000000000002        3.2506886233808703E-004   1.1744958639687051     
   21.450000000000003        3.2896171408273338E-004   1.1711896207045687     
   21.500000000000000        3.3291346721253396E-004   1.1678919387767583     
   21.550000000000001        3.3692516601017833E-004   1.1646028019506056     
   21.600000000000001        3.4099787536159631E-004   1.1613221939753309     
   21.650000000000002        3.4513268119605101E-004   1.1580500985844759     
   21.700000000000003        3.4933069094908860E-004   1.1547864994963319     
   21.750000000000000        3.5359303399258482E-004   1.1515313804143543     
   21.800000000000001        3.5792086210470459E-004   1.1482847250275969     
   21.850000000000001        3.6231534997375201E-004   1.1450465170111259     
   21.900000000000002        3.6677769567838278E-004   1.1418167400264301     
   21.950000000000003        3.7130912117901659E-004   1.1385953777218512     
   22.000000000000000        3.7591087284861215E-004   1.1353824137329760     
   22.050000000000001        3.8058422197506268E-004   1.1321778316830495     
   22.100000000000001        3.8533046531750108E-004   1.1289816151833902     
   22.150000000000002        3.9015092563635811E-004   1.1257937478337829     
   22.200000000000003        3.9504695224512869E-004   1.1226142132228798     
   22.250000000000000        4.0001992162406704E-004   1.1194429949286031     
   22.300000000000001        4.0507123797049347E-004   1.1162800765185361     
   22.350000000000001        4.1020233381307172E-004   1.1131254415503198     
   22.400000000000002        4.1541467060728283E-004   1.1099790735720343     
   22.450000000000003        4.2070973937366051E-004   1.1068409561225978     
   22.500000000000000        4.2608906134434881E-004   1.1037110727321402     
   22.550000000000001        4.3155418863074265E-004   1.1005894069223943     
   22.600000000000001        4.3710670484630604E-004   1.0974759422070641     
   22.650000000000002        4.4274822584864021E-004   1.0943706620922073     
   22.700000000000003        4.4848040040478850E-004   1.0912735500766189     
   22.750000000000000        4.5430491090279497E-004   1.0881845896521800     
   22.800000000000001        4.6022347413090484E-004   1.0851037643042394     
   22.850000000000001        4.6623784200172419E-004   1.0820310575119818     
   22.900000000000002        4.7234980231356498E-004   1.0789664527487930     
   22.950000000000003        4.7856117953567996E-004   1.0759099334826063     
   23.000000000000000        4.8487383564194613E-004   1.0728614831762777     
   23.050000000000001        4.9128967087729990E-004   1.0698210852879317     
   23.100000000000001        4.9781062465979536E-004   1.0667887232713118     
   23.150000000000002        5.0443867641259701E-004   1.0637643805761330     
   23.200000000000003        5.1117584645216920E-004   1.0607480406484397     
   23.250000000000000        5.1802419686423223E-004   1.0577396869309372     
   23.300000000000001        5.2498583246565311E-004   1.0547393028633349     
   23.350000000000001        5.3206290173224435E-004   1.0517468718826934     
   23.400000000000002        5.3925759774517369E-004   1.0487623774237544     
   23.450000000000003        5.4657215919324924E-004   1.0457858029192786     
   23.500000000000000        5.5400887139444568E-004   1.0428171318003745     
   23.550000000000001        5.6157006731923011E-004   1.0398563474968303     
   23.600000000000001        5.6925812863695808E-004   1.0369034334374347     
   23.650000000000002        5.7707548680603160E-004   1.0339583730503219     
   23.700000000000003        5.8502462419377280E-004   1.0310211497632620     
   23.750000000000000        5.9310807520794823E-004   1.0280917470040054     
   23.800000000000001        6.0132842744724886E-004   1.0251701482005777     
   23.850000000000001        6.0968832289218873E-004   1.0222563367816089     
   23.900000000000002        6.1819045912692486E-004   1.0193502961766292     
   23.950000000000003        6.2683759055860158E-004   1.0164520098163992     
   24.000000000000000        6.3563252971415407E-004   1.0135614611332033     
   24.050000000000001        6.4457814851892376E-004   1.0106786335611346     
   24.100000000000001        6.5367737966018889E-004   1.0078035105364231     
   24.150000000000002        6.6293321793469188E-004   1.0049360754977241     
   24.200000000000003        6.7234872162823906E-004   1.0020763118864113     
   24.250000000000000        6.8192701397123457E-004  0.99922420314687443     
   24.300000000000001        6.9167128458558170E-004  0.99637973272680014     
   24.350000000000001        7.0158479098652736E-004  0.99354288407746671     
   24.400000000000002        7.1167086010948425E-004  0.99071364065402689     
   24.450000000000003        7.2193288987333940E-004  0.98789198591579486     
   24.500000000000000        7.3237435079138579E-004  0.98507790332650835     
   24.550000000000001        7.4299878763115531E-004  0.98227137635462247     
   24.600000000000001        7.5380982106502384E-004  0.97947238847358864     
   24.650000000000002        7.6481114941563710E-004  0.97668092316211930     
   24.700000000000003        7.7600655040193853E-004  0.97389696390444969     
   24.750000000000000        7.8739988293887201E-004  0.97112049419060587     
   24.800000000000001        7.9899508899829500E-004  0.96835149751667726     
   24.850000000000001        8.1079619548676211E-004  0.96558995738507569     
   24.900000000000002        8.2280731618109048E-004  0.96283585730479437     
   24.950000000000003        8.3503265371985286E-004  0.96008918079165784     
   25.000000000000000        8.4747650161260551E-004  0.95734991136857694     
   25.050000000000001        8.6014324632387781E-004  0.95461803256580913     
   25.100000000000001        8.7303736940652567E-004  0.95189352792120197     
   25.150000000000002        8.8616344966524637E-004  0.94917638098043644     
   25.200000000000003        8.9952616540066299E-004  0.94646657529726419     
   25.250000000000000        9.1313029666672705E-004  0.94376409443375819     
   25.300000000000001        9.2698072761243536E-004  0.94106892196054504     
   25.350000000000001        9.4108244887834279E-004  0.93838104145704537     
   25.400000000000002        9.5544056004020518E-004  0.93570043651170676     
   25.450000000000003        9.7006027212156391E-004  0.93302709072223056     
   25.500000000000000        9.8494691014056881E-004  0.93036098769578579     
   25.550000000000001        1.0001059157506884E-003  0.92770211104925693     
   25.600000000000001        1.0155428499318512E-003  0.92505044440944462     
   25.650000000000002        1.0312633957468807E-003  0.92240597141329850     
   25.700000000000003        1.0472733611483834E-003  0.91976867570812904     
   25.750000000000000        1.0635786818828314E-003  0.91713854095183078     
   25.800000000000001        1.0801854244477324E-003  0.91451555081308111     
   25.850000000000001        1.0970997890919602E-003  0.91189968897153806     
   25.900000000000002        1.1143281129504957E-003  0.90929093911806547     
   25.950000000000003        1.1318768732076670E-003  0.90668928495493761     
   26.000000000000000        1.1497526903658053E-003  0.90409471019602683     
   26.050000000000001        1.1679623315517887E-003  0.90150719856699857     
   26.100000000000001        1.1865127139216649E-003  0.89892673380551025     
   26.150000000000002        1.2054109082005105E-003  0.89635329966140309     
   26.200000000000003        1.2246641422081711E-003  0.89378687989688843     
   26.250000000000000        1.2442798045490008E-003  0.89122745828674910     
   26.300000000000001        1.2642654483571575E-003  0.88867501861848786     
   26.350000000000001        1.2846287951430008E-003  0.88612954469253369     
   26.400000000000002        1.3053777387304038E-003  0.88359102032240977     
   26.450000000000003        1.3265203492818919E-003  0.88105942933490722     
   26.500000000000000        1.3480648774529403E-003  0.87853475557025928     
   26.550000000000001        1.3700197585960927E-003  0.87601698288230778     
   26.600000000000001        1.3923936170949062E-003  0.87350609513865607     
   26.650000000000002        1.4151952708105794E-003  0.87100207622084558     
   26.700000000000003        1.4384337356233964E-003  0.86850491002450259     
   26.750000000000000        1.4621182301010570E-003  0.86601458045950075     
   26.800000000000001        1.4862581802515245E-003  0.86353107145010288     
   26.850000000000001        1.5108632244087057E-003  0.86105436693512272     
   26.900000000000002        1.5359432182325608E-003  0.85858445086805069     
   26.950000000000003        1.5615082398461083E-003  0.85612130721721724     
   27.000000000000000        1.5875685950935739E-003  0.85366491996591043     
   27.050000000000001        1.6141348229233925E-003  0.85121527311253209     
   27.100000000000001        1.6412177008747720E-003  0.84877235067069856     
   27.150000000000002        1.6688282507212986E-003  0.84633613666939123     
   27.200000000000003        1.6969777442703714E-003  0.84390661515308008     
   27.250000000000000        1.7256777093084101E-003  0.84148377018182841     
   27.300000000000001        1.7549399356288707E-003  0.83906758583142194     
   27.350000000000001        1.7847764812630872E-003  0.83665804619347628     
   27.400000000000002        1.8151996788872812E-003  0.83425513537554108     
   27.450000000000003        1.8462221422909978E-003  0.83185883750120726     
   27.500000000000000        1.8778567731112920E-003  0.82946913671020472     
   27.550000000000001        1.9101167676703690E-003  0.82708601715849484     
   27.600000000000001        1.9430156239813314E-003  0.82470946301837555     
   27.650000000000002        1.9765671489558340E-003  0.82233945847855494     
   27.700000000000003        2.0107854657879110E-003  0.81997598774422997     
   27.750000000000000        2.0456850214558161E-003  0.81761903503718025     
   27.800000000000001        2.0812805945194471E-003  0.81526858459582829     
   27.850000000000001        2.1175873029962164E-003  0.81292462067530680     
   27.900000000000002        2.1546206125238063E-003  0.81058712754752793     
   27.950000000000003        2.1923963446559055E-003  0.80825608950123962     
   28.000000000000000        2.2309306854019230E-003  0.80593149084208016     
   28.050000000000001        2.2702401939641167E-003  0.80361331589261731     
   28.100000000000001        2.3103418116990283E-003  0.80130154899240091     
   28.150000000000002        2.3512528712815624E-003  0.79899617449799509     
   28.200000000000003        2.3929911061037301E-003  0.79669717678300900     
   28.250000000000000        2.4355746599088492E-003  0.79440454023811624     
   28.300000000000001        2.4790220967416117E-003  0.79211824927107510     
   28.350000000000001        2.5233524109537406E-003  0.78983828830674463     
   28.400000000000002        2.5685850375951366E-003  0.78756464178708541     
   28.450000000000003        2.6147398631308659E-003  0.78529729417117167     
   28.500000000000000        2.6618372362383395E-003  0.78303622993515432     
   28.550000000000001        2.7098979790165577E-003  0.78078143357227370     
   28.600000000000001        2.7589433984046481E-003  0.77853288959282496     
   28.650000000000002        2.8089952979214335E-003  0.77629058252412919     
   28.700000000000003        2.8600759896645375E-003  0.77405449691049166     
   28.750000000000000        2.9122083066226859E-003  0.77182461731316221     
   28.800000000000001        2.9654156153009186E-003  0.76960092831027471     
   28.850000000000001        3.0197218286560773E-003  0.76738341449678948     
   28.900000000000002        3.0751514193762828E-003  0.76517206048441466     
   28.950000000000003        3.1317294334370725E-003  0.76296685090152727     
   29.000000000000000        3.1894815040282801E-003  0.76076777039307941     
   29.050000000000001        3.2484338658257967E-003  0.75857480362049501     
   29.100000000000001        3.3086133696441904E-003  0.75638793526157233     
   29.150000000000002        3.3700474974282294E-003  0.75420715001034677     
   29.200000000000003        3.4327643776260468E-003  0.75203243257696784     
   29.250000000000000        3.4967928009247643E-003  0.74986376768754681     
   29.300000000000001        3.5621622363987632E-003  0.74770114008400945     
   29.350000000000001        3.6289028480888646E-003  0.74554453452391234     
   29.400000000000002        3.6970455119656408E-003  0.74339393578026935     
   29.450000000000003        3.7666218333269625E-003  0.74124932864135351     
   29.500000000000000        3.8376641645950110E-003  0.73911069791049577     
   29.550000000000001        3.9102056236157657E-003  0.73697802840585735     
   29.600000000000001        3.9842801124198449E-003  0.73485130496019202     
   29.650000000000002        4.0599223364056599E-003  0.73273051242058362     
   29.700000000000003        4.1371678240275126E-003  0.73061563564819332     
   29.750000000000000        4.2160529469803774E-003  0.72850665951796256     
   29.800000000000001        4.2966149408903143E-003  0.72640356891830882     
   29.850000000000001        4.3788919265218993E-003  0.72430634875081013     
   29.900000000000002        4.4629229315406799E-003  0.72221498392985295     
   29.950000000000003        4.5487479128213677E-003  0.72012945938229800     
   30.000000000000000        4.6364077792701410E-003  0.71804976004707055     
   30.050000000000001        4.7259444152946972E-003  0.71597587087477421     
   30.100000000000001        4.8174007047910739E-003  0.71390777682725826     
   30.150000000000002        4.9108205557768583E-003  0.71184546287718220     
   30.200000000000003        5.0062489256782246E-003  0.70978891400754218     
   30.250000000000000        5.1037318471746484E-003  0.70773811521116514     
   30.300000000000001        5.2033164547840658E-003  0.70569305149020978     
   30.350000000000001        5.3050510120517405E-003  0.70365370785559855     
   30.400000000000002        5.4089849394545857E-003  0.70162006932645937     
   30.450000000000003        5.5151688430278428E-003  0.69959212092949663     
   30.500000000000000        5.6236545436974652E-003  0.69756984769837327     
   30.550000000000001        5.7344951073422306E-003  0.69555323467304231     
   30.600000000000001        5.8477448756692075E-003  0.69354226689903420     
   30.650000000000002        5.9634594977698678E-003  0.69153692942673783     
   30.700000000000003        6.0816959626059678E-003  0.68953720731062140     
   30.750000000000000        6.2025126322250339E-003  0.68754308560841937     
   30.800000000000001        6.3259692758585277E-003  0.68555454938029037     
   30.850000000000001        6.4521271048935160E-003  0.68357158368792759     
   30.900000000000002        6.5810488086759551E-003  0.68159417359362984     
   30.950000000000003        6.7127985913119298E-003  0.67962230415932068     
   31.000000000000000        6.8474422093564198E-003  0.67765596044552445     
   31.050000000000001        6.9850470104502330E-003  0.67569512751029748     
   31.100000000000001        7.1256819729459651E-003  0.67373979040810184     
   31.150000000000002        7.2694177465689996E-003  0.67178993418864685     
   31.200000000000003        7.4163266940959448E-003  0.66984554389564843     
   31.250000000000000        7.5664829341033930E-003  0.66790660456553252     
   31.300000000000001        7.7199623847682471E-003  0.66597310122610009     
   31.350000000000001        7.8768428088817326E-003  0.66404501889512391     
   31.400000000000002        8.0372038598869253E-003  0.66212234257884961     
   31.450000000000003        8.2011271291917518E-003  0.66020505727047740     
   31.500000000000000        8.3686961946648659E-003  0.65829314794854388     
   31.550000000000001        8.5399966703394916E-003  0.65638659957521994     
   31.600000000000001        8.7151162574203769E-003  0.65448539709455655     
   31.650000000000002        8.8941447965677697E-003  0.65258952543062210     
   31.700000000000003        9.0771743215818899E-003  0.65069896948557304     
   31.750000000000000        9.2642991143630227E-003  0.64881371413763267     
   31.800000000000001        9.4556157613789257E-003  0.64693374423898753     
   31.850000000000001        9.6512232115469505E-003  0.64505904461355279     
   31.900000000000002        9.8512228355685377E-003  0.64318960005467918     
   31.950000000000003        1.0055718486785749E-002  0.64132539532272670     
   32.000000000000000        1.0264816563679835E-002  0.63946641514253499     
   32.050000000000004        1.0478626073910445E-002  0.63761264420077146     
   32.100000000000001        1.0697258699970850E-002  0.63576406714317313     
   32.149999999999999        1.0920828866588938E-002  0.63392066857165108     
   32.200000000000003        1.1149453809877252E-002  0.63208243304126932     
   32.250000000000000        1.1383253648157508E-002  0.63024934505708163     
   32.300000000000004        1.1622351454730187E-002  0.62842138907081824     
   32.350000000000001        1.1866873332509570E-002  0.62659854947743310     
   32.399999999999999        1.2116948490441183E-002  0.62478081061149304     
   32.450000000000003        1.2372709322083281E-002  0.62296815674339545     
   32.500000000000000        1.2634291486100086E-002  0.62116057207541753     
   32.550000000000004        1.2901833988829246E-002  0.61935804073757195     
   32.600000000000001        1.3175479269022704E-002  0.61756054678329497     
   32.649999999999999        1.3455373284765546E-002  0.61576807418494162     
   32.700000000000003        1.3741665602628959E-002  0.61398060682905187     
   32.750000000000000        1.4034509489198701E-002  0.61219812851138777     
   32.800000000000004        1.4334062004842593E-002  0.61042062293180155     
   32.850000000000001        1.4640484099987383E-002  0.60864807368882168     
   32.899999999999999        1.4953940713917884E-002  0.60688046427401354     
   32.950000000000003        1.5274600876118266E-002  0.60511777806606459     
   33.000000000000000        1.5602637810164847E-002  0.60335999832460263     
   33.050000000000004        1.5938229040419995E-002  0.60160710818376284     
   33.100000000000001        1.6281556501429820E-002  0.59985909064541709     
   33.149999999999999        1.6632806650165123E-002  0.59811592857211149     
   33.200000000000003        1.6992170581242461E-002  0.59637760467968515     
   33.250000000000000        1.7359844145117334E-002  0.59464410152955671     
   33.300000000000004        1.7736028069274830E-002  0.59291540152064126     
   33.350000000000001        1.8120928082692347E-002  0.59119148688089973     
   33.399999999999999        1.8514755043503688E-002  0.58947233965848644     
   33.450000000000003        1.8917725069916555E-002  0.58775794171254458     
   33.500000000000000        1.9330059674690619E-002  0.58604827470352183     
   33.550000000000004        1.9751985902985852E-002  0.58434332008306344     
   33.600000000000001        2.0183736473918325E-002  0.58264305908344760     
   33.649999999999999        2.0625549925818585E-002  0.58094747270651514     
   33.700000000000003        2.1077670765162801E-002  0.57925654171211072     
   33.750000000000000        2.1540349619564306E-002  0.57757024660596457     
   33.800000000000004        2.2013843394652885E-002  0.57588856762705298     
   33.850000000000001        2.2498415435164718E-002  0.57421148473435368     
   33.899999999999999        2.2994335690190743E-002  0.57253897759297812     
   33.950000000000003        2.3501880882791561E-002  0.57087102555969071     
   34.000000000000000        2.4021334684079017E-002  0.56920760766774281     
   34.050000000000004        2.4552987891866922E-002  0.56754870261100410     
   34.100000000000001        2.5097138614034009E-002  0.56589428872737590     
   34.149999999999999        2.5654092456717223E-002  0.56424434398140833     
   34.200000000000003        2.6224162717469742E-002  0.56259884594614418     
   34.250000000000000        2.6807670583524061E-002  0.56095777178409956     
   34.300000000000004        2.7404945335321181E-002  0.55932109822736098     
   34.350000000000001        2.8016324555357186E-002  0.55768880155678768     
   34.399999999999999        2.8642154342632720E-002  0.55606085758020996     
   34.450000000000003        2.9282789532721218E-002  0.55443724160963326     
   34.500000000000000        2.9938593923753136E-002  0.55281792843738442     
   34.550000000000004        3.0609940508367080E-002  0.55120289231114306     
   34.600000000000001        3.1297211711849772E-002  0.54959210690780846     
   34.649999999999999        3.2000799636564291E-002  0.54798554530614796     
   34.700000000000003        3.2721106312981238E-002  0.54638317995817109     
   34.750000000000000        3.3458543957380536E-002  0.54478498265916930     
   34.800000000000004        3.4213535236401006E-002  0.54319092451635220     
   34.850000000000001        3.4986513538718421E-002  0.54160097591601908     
   34.899999999999999        3.5777923254024034E-002  0.54001510648921469     
   34.950000000000003        3.6588220059479676E-002  0.53843328507573285     
   35.000000000000000        3.7417871213816768E-002  0.53685547968648395     
   35.050000000000004        3.8267355859449681E-002  0.53528165746406442     
   35.100000000000001        3.9137165332672010E-002  0.53371178464149116     
   35.149999999999999        4.0027803482306834E-002  0.53214582649898357     
   35.200000000000003        4.0939786996940189E-002  0.53058374731874292     
   35.250000000000000        4.1873645741027317E-002  0.52902551033759393     
   35.300000000000004        4.2829923100137501E-002  0.52747107769736989     
   35.350000000000001        4.3809176335559627E-002  0.52592041039301995     
   35.399999999999999        4.4811976948689061E-002  0.52437346821822328     
   35.450000000000003        4.5838911055281248E-002  0.52283020970845340     
   35.500000000000000        4.6890579769984064E-002  0.52129059208137818     
   35.550000000000004        4.7967599601463455E-002  0.51975457117440949     
   35.600000000000001        4.9070602858361650E-002  0.51822210137933866     
   35.649999999999999        5.0200238066440979E-002  0.51669313557385099     
   35.700000000000003        5.1357170397332952E-002  0.51516762504982339     
   35.750000000000000        5.2542082109146356E-002  0.51364551943821368     
   35.800000000000004        5.3755672999262767E-002  0.51212676663039480     
   35.850000000000001        5.4998660869908969E-002  0.51061131269576743     
   35.899999999999999        5.6271782006591324E-002  0.50909910179545748     
   35.950000000000003        5.7575791670002485E-002  0.50759007609190077     
   36.000000000000000        5.8911464601878634E-002  0.50608417565416108     
   36.050000000000004        6.0279595544972323E-002  0.50458133835871888     
   36.100000000000001        6.1680999777906580E-002  0.50308149978556216     
   36.149999999999999        6.3116513665084681E-002  0.50158459310931047     
   36.200000000000003        6.4586995222406560E-002  0.50009054898516270     
   36.250000000000000        6.6093324699177725E-002  0.49859929542938375     
   36.300000000000004        6.7636405176659267E-002  0.49711075769411800     
   36.350000000000001        6.9217163184107450E-002  0.49562485813618901     
   36.399999999999999        7.0836549332423462E-002  0.49414151607964996     
   36.450000000000003        7.2495538966431836E-002  0.49266064767175544     
   36.500000000000000        7.4195132836142014E-002  0.49118216573202456     
   36.550000000000004        7.5936357787829131E-002  0.48970597959406587     
   36.600000000000001        7.7720267475497429E-002  0.48823199493983926     
   36.649999999999999        7.9547943093474627E-002  0.48676011362593652     
   36.700000000000003        8.1420494130916676E-002  0.48529023350153550     
   36.750000000000000        8.3339059148822059E-002  0.48382224821757502     
   36.800000000000004        8.5304806580768111E-002  0.48235604702678370     
   36.850000000000001        8.7318935557658683E-002  0.48089151457402335     
   36.899999999999999        8.9382676757935445E-002  0.47942853067657037     
   36.950000000000003        9.1497293283761563E-002  0.47796697009376582     
   37.000000000000000        9.3664081564356613E-002  0.47650670228554248     
   37.050000000000004        9.5884372287607725E-002  0.47504759115929673     
   37.100000000000001        9.8159531360713231E-002  0.47358949480447532     
   37.149999999999999       0.10049096090138121       0.47213226521433094     
   37.200000000000003       0.10288010026046206       0.47067574799416551     
   37.250000000000000       0.10532842707741985       0.46921978205542991     
   37.300000000000004       0.10783745837005584       0.46776419929494145     
   37.350000000000001       0.11040875165965520       0.46630882425849740     
   37.399999999999999       0.11304390613320742       0.46485347378809738     
   37.450000000000003       0.11574456384419128       0.46339795665200306     
   37.500000000000000       0.11851241095347986       0.46194207315669927     
   37.550000000000004       0.12134917901235830       0.46048561473989091     
   37.600000000000001       0.12425664628915631       0.45902836354362347     
   37.649999999999999       0.12723663914167183       0.45757009196644621     
   37.700000000000003       0.13029103343737763       0.45611056219363577     
   37.750000000000000       0.13342175602351733       0.45464952570431577     
   37.800000000000004       0.13663078624953626       0.45318672275436134     
   37.850000000000001       0.13992015754415824       0.45172188183382156     
   37.899999999999999       0.14329195904980421       0.45025471909756076     
   37.950000000000003       0.14674833731717377       0.44878493776778694     
   38.000000000000000       0.15029149806271194       0.44731222750701932     
   38.050000000000004       0.15392370799229224       0.44583626375997443     
   38.100000000000001       0.15764729669453861       0.44435670706277464     
   38.149999999999999       0.16146465860700496       0.44287320231782012     
   38.200000000000003       0.16537825505939335       0.44138537803251227     
   38.250000000000000       0.16939061639767866       0.43989284552001812     
   38.300000000000004       0.17350434419338717       0.43839519806003530     
   38.350000000000001       0.17772211354293274       0.43689201001752415     
   38.400000000000006       0.18204667546176537       0.43538283591718224     
   38.450000000000003       0.18648085937867026       0.43386720947136387     
   38.500000000000000       0.19102757573603321       0.43234464255897431     
   38.550000000000004       0.19568981870213184       0.43081462415273852     
   38.600000000000001       0.20047066900190472       0.42927661919213134     
   38.650000000000006       0.20537329687338157       0.42773006739904801     
   38.700000000000003       0.21040096515737960       0.42617438203317126     
   38.750000000000000       0.21555703252857453       0.42460894858375636     
   38.800000000000004       0.22084495687674741       0.42303312339443450     
   38.850000000000001       0.22626829884767163       0.42144623221736560     
   38.900000000000006       0.23183072555391845       0.41984756869291373     
   38.950000000000003       0.23753601446660155       0.41823639275071683     
   39.000000000000000       0.24338805749997328       0.41661192892782772     
   39.050000000000004       0.24939086530193480       0.41497336459932760     
   39.100000000000001       0.25554857176411250       0.41331984811649131     
   39.150000000000006       0.26186543876708435       0.41165048684733840     
   39.200000000000003       0.26834586117674680       0.40996434511397978     
   39.250000000000000       0.27499437211005806       0.40826044202096168     
   39.300000000000004       0.28181564848933593       0.40653774916825092     
   39.350000000000001       0.28881451690612464       0.40479518824221644     
   39.400000000000006       0.29599595981773169       0.40303162847750501     
   39.450000000000003       0.30336512210137812       0.40124588398217048     
   39.500000000000000       0.31092731799336043       0.39943671091796817     
   39.550000000000004       0.31868803844292642       0.39760280452713181     
   39.600000000000001       0.32665295891329471       0.39574279599634327     
   39.650000000000006       0.33482794766588653       0.39385524914796427     
   39.700000000000003       0.34321907456644857       0.39193865694787938     
   39.750000000000000       0.35183262045612057       0.38999143781853601     
   39.800000000000004       0.36067508713460755       0.38801193174492649     
   39.850000000000001       0.36975320800708994       0.38599839616030240     
   39.900000000000006       0.37907395945177136       0.38394900159748718     
   39.950000000000003       0.38864457297135413       0.38186182709050420     
   40.000000000000000       0.39847254819723843       0.37973485531005863     
   40.050000000000004       0.40856566682353057       0.37756596741515247     
   40.100000000000001       0.41893200755573479       0.37535293760159788     
   40.150000000000006       0.42957996216819150       0.37309342732673795     
   40.200000000000003       0.44051825277473228       0.37078497918788306     
   40.250000000000000       0.45175595042904504       0.36842501043009956     
   40.300000000000004       0.46330249518408345       0.36601080605693526     
   40.350000000000001       0.47516771775493333       0.36353951151541186     
   40.400000000000006       0.48736186294686890       0.36100812492394779     
   40.450000000000003       0.49989561502943575       0.35841348880927582     
   40.500000000000000       0.51278012525935979       0.35575228131520092     
   40.550000000000004       0.52602704178046000       0.35302100684273219     
   40.600000000000001       0.53964854215734315       0.35021598607729287     
   40.650000000000006       0.55365736883290007       0.34733334535459909     
   40.700000000000003       0.56806686783759974       0.34436900531219022     
   40.750000000000000       0.58289103112202467       0.34131866876842548     
   40.800000000000004       0.59814454293526076       0.33817780776517714     
   40.850000000000001       0.61384283073001922       0.33494164970420764     
   40.900000000000006       0.63000212114373599       0.33160516250024857     
   40.950000000000003       0.64663950168439910       0.32816303866619367     
   41.000000000000000       0.66377298884287850       0.32460967823746995     
   41.050000000000004       0.68142160346223046       0.32093917043338016     
   41.100000000000001       0.69960545432325461       0.31714527394310527     
   41.150000000000006       0.71834583105678729       0.31322139571319446     
   41.200000000000003       0.73766530767263672       0.30916056810143822     
   41.250000000000000       0.75758785820892460       0.30495542424952604     
   41.300000000000004       0.77813898626020639       0.30059817151361440     
   41.350000000000001       0.79934587044830718       0.29608056277840117     
   41.400000000000006       0.82123752826801200       0.29139386546690244     
   41.450000000000003       0.84384500118338679       0.28652882804562013     
   41.500000000000000       0.86720156439146345       0.28147564381435569     
   41.550000000000004       0.89134296532781265       0.27622391176341571     
   41.600000000000001       0.91630769579620674       0.27076259428099192     
   41.650000000000006       0.94213730359964043       0.26507997150403972     
   41.700000000000003       0.96887675078266788       0.25916359213336293     
