   5.0000000000000003E-002   6.1691695352311466     
  0.10000000000000001        6.4854139254597030     
  0.15000000000000002        6.8178696343756791     
  0.20000000000000001        7.1673676757029865     
  0.25000000000000000        7.5347816623740336     
  0.30000000000000004        7.9210299901678560     
  0.35000000000000003        8.3270781332868555     
  0.40000000000000002        8.7539410576095964     
  0.45000000000000001        9.2026857576514747     
  0.50000000000000000        9.6744339235742096     
  0.55000000000000004        10.170364744910179     
  0.60000000000000009        10.691717858009415     
  0.65000000000000002        11.239796444576147     
  0.70000000000000007        11.815970489039850     
  0.75000000000000000        12.421680202902220     
  0.80000000000000004        13.058439624619151     
  0.85000000000000009        13.727840404015796     
  0.90000000000000002        14.431555780693341     
  0.95000000000000007        15.171344766371773     
   1.0000000000000000        15.949056541622182     
   1.0500000000000000        16.766635077977920     
   1.1000000000000001        17.626123996977913     
   1.1500000000000001        18.529671678286665     
   1.2000000000000002        19.479536629659080     
   1.2500000000000000        20.478093132171686     
   1.3000000000000000        21.527837174830765     
   1.3500000000000001        22.631392693390477     
   1.4000000000000001        23.791518128975042     
   1.4500000000000002        25.011113322897714     
   1.5000000000000000        26.293226764909946     
   1.5500000000000000        27.641063212998034     
   1.6000000000000001        29.057991703771783     
   1.6500000000000001        30.547553973467732     
   1.7000000000000002        32.113473310614083     
   1.7500000000000000        33.759663862484942     
   1.8000000000000000        35.490240418604664     
   1.8500000000000001        37.309528695755752     
   1.9000000000000001        39.222076150197047     
   1.9500000000000002        41.232663344117007     
   2.0000000000000000        43.346315894732570     
   2.0500000000000003        45.568317035898538     
   2.1000000000000001        47.904220823625337     
   2.1499999999999999        50.359866018512406     
   2.2000000000000002        52.941390679793201     
   2.2500000000000000        55.655247507472033     
   2.3000000000000003        58.508219970896405     
   2.3500000000000001        61.507439264079395     
   2.4000000000000004        64.660402130150601     
   2.4500000000000002        67.974989599484815     
   2.5000000000000000        71.459486688346047     
   2.5500000000000003        75.122603107280128     
   2.6000000000000001        78.973495031015730     
   2.6500000000000004        83.021787984286760     
   2.7000000000000002        87.277600900776477     
   2.7500000000000000        91.751571415317585     
   2.8000000000000003        96.454882452564618     
   2.8500000000000001        101.39929017859311     
   2.9000000000000004        106.59715338529031     
   2.9500000000000002        112.06146438098122     
   3.0000000000000000        117.80588146449607     
   3.0500000000000003        123.84476306384938     
   3.1000000000000001        130.19320362485192     
   3.1500000000000004        136.86707133936193     
   3.2000000000000002        143.88304780746955     
   3.2500000000000000        151.25866973274796     
   3.3000000000000003        159.01237275478380     
   3.3500000000000001        167.16353752854377     
   3.4000000000000004        175.73253816574538     
   3.4500000000000002        184.74079315930871     
   3.5000000000000000        194.21081891816954     
   3.5500000000000003        204.16628604625532     
   3.6000000000000001        214.63207850629090     
   3.6500000000000004        225.63435581630674     
   3.7000000000000002        237.20061843430028     
   3.7500000000000000        249.35977649447591     
   3.8000000000000003        262.14222206685849     
   3.8500000000000001        275.57990512088753     
   3.9000000000000004        289.70641338285276     
   3.9500000000000002        304.55705628676276     
   4.0000000000000000        320.16895322847864     
   4.0499999999999998        336.58112634368467     
   4.1000000000000005        353.83459804158588     
   4.1500000000000004        371.97249353810679     
   4.2000000000000002        391.04014864486277     
   4.2500000000000000        411.08522308329685     
   4.2999999999999998        432.15781960720824     
   4.3500000000000005        454.31060923139540     
   4.4000000000000004        477.59896287940700     
   4.4500000000000002        502.08108977943903     
   4.5000000000000000        527.81818295427149     
   4.5499999999999998        554.87457216888345     
   4.6000000000000005        583.31788471801553     
   4.6500000000000004        613.21921445553301     
   4.7000000000000002        644.65329948807585     
   4.7500000000000000        677.69870897708597     
   4.8000000000000007        712.43803951611744     
   4.8500000000000005        748.95812157423245     
   4.9000000000000004        787.35023652145662     
   4.9500000000000002        827.71034477871672     
   5.0000000000000000        870.13932566248207     
   5.0500000000000007        914.74322952355794     
   5.1000000000000005        961.63354281022396     
   5.1500000000000004        1010.9274667181747     
   5.2000000000000002        1062.7482101237231     
   5.2500000000000000        1117.2252975323822     
   5.3000000000000007        1174.4948928125177     
   5.3500000000000005        1234.7001395231380     
   5.4000000000000004        1297.9915186864616     
   5.4500000000000002        1364.5272248994229     
   5.5000000000000000        1434.4735617241233     
   5.5500000000000007        1508.0053573454750     
   5.6000000000000005        1585.3064015348486     
   5.6500000000000004        1666.5699050118658     
   5.7000000000000002        1751.9989823524024     
   5.7500000000000000        1841.8071596497464     
   5.8000000000000007        1936.2189081977181     
   5.8500000000000005        2035.4702055295475     
   5.9000000000000004        2139.8091252147865     
   5.9500000000000002        2249.4964568882183     
   6.0000000000000000        2364.8063580605522     
   6.0500000000000007        2486.0270393398209     
   6.1000000000000005        2613.4614847761059     
   6.1500000000000004        2747.4282091300165     
   6.2000000000000002        2888.2620539573777     
   6.2500000000000000        3036.3150244999542     
   6.3000000000000007        3191.9571694737051     
   6.3500000000000005        3355.5775059534267     
   6.4000000000000004        3527.5849916654188     
   6.4500000000000002        3708.4095471180785     
   6.5000000000000000        3898.5031301250397     
   6.5500000000000007        4098.3408654064615     
   6.6000000000000005        4308.4222320914832     
   6.6500000000000004        4529.2723120899018     
   6.7000000000000002        4761.4431024529558     
   6.7500000000000000        5005.5148950031698     
   6.8000000000000007        5262.0977266814170     
   6.8500000000000005        5531.8329042357227     
   6.9000000000000004        5815.3946070628226     
   6.9500000000000002        6113.4915722078877     
   7.0000000000000000        6426.8688657340208     
   7.0500000000000007        6756.3097448883964     
   7.1000000000000005        7102.6376157192481     
   7.1500000000000004        7466.7180910360248     
   7.2000000000000002        7849.4611538562194     
   7.2500000000000000        8251.8234317458046     
   7.3000000000000007        8674.8105877373964     
   7.3500000000000005        9119.4798338013989     
   7.4000000000000004        9586.9425731523334     
   7.4500000000000002        10078.367177993638     
   7.5000000000000000        10594.981909643166     
   7.5500000000000007        11138.077988337858     
   7.6000000000000005        11709.012820389175     
   7.6500000000000004        12309.213390755023     
   7.7000000000000002        12940.179829506729     
   7.7500000000000000        13603.489161104550     
   7.8000000000000007        14300.799245851804     
   7.8500000000000005        15033.852923378501     
   7.9000000000000004        15804.482368509151     
   7.9500000000000002        16614.613670401999     
   8.0000000000000000        17466.271646402747     
   8.0500000000000007        18361.584902644463     
   8.0999999999999996        19302.791154040518     
   8.1500000000000004        20292.242816966718     
   8.2000000000000011        21332.412888609066     
   8.2500000000000000        22425.901127671696     
   8.3000000000000007        23575.440551891250     
   8.3499999999999996        24783.904268595619     
   8.4000000000000004        26054.312655379297     
   8.4500000000000011        27389.840908839280     
   8.5000000000000000        28793.826980238890     
   8.5500000000000007        30269.779917931035     
   8.5999999999999996        31821.388637390006     
   8.6500000000000004        33452.531140770792     
   8.7000000000000011        35167.284209035235     
   8.7500000000000000        36969.933590869026     
   8.8000000000000007        38864.984713852107     
   8.8499999999999996        40857.173944652044     
   8.9000000000000004        42951.480426380993     
   8.9500000000000011        45153.138522699141     
   9.0000000000000000        47467.650899766253     
   9.0500000000000007        49900.802278732379     
   9.0999999999999996        52458.673893138985     
   9.1500000000000004        55147.658687361356     
   9.2000000000000011        57974.477294074299     
   9.2500000000000000        60946.194830673165     
   9.3000000000000007        64070.238556623764     
   9.3499999999999996        67354.416435871710     
   9.4000000000000004        70806.936650700169     
   9.4500000000000011        74436.428115803297     
   9.5000000000000000        78251.962043842330     
   9.5500000000000007        82263.074616381346     
   9.6000000000000014        86479.790816856999     
   9.6500000000000004        90912.649485145550     
   9.7000000000000011        95572.729656341384     
   9.7500000000000000        100471.67824956895     
   9.8000000000000007        105621.73917602868     
   9.8500000000000014        111035.78393901615     
   9.9000000000000004        116727.34380239104     
   9.9500000000000011        122710.64360788841     
   10.000000000000000        129000.63732577946     
   10.050000000000001        135613.04542773444     
   10.100000000000001        142564.39417528015     
   10.150000000000000        149872.05692203596     
   10.200000000000001        157554.29753295460     
   10.250000000000000        165630.31602906503     
   10.300000000000001        174120.29657179769     
   10.350000000000001        183045.45790679861     
   10.400000000000000        192428.10639330489     
   10.450000000000001        202291.69175159835     
   10.500000000000000        212660.86566785784     
   10.550000000000001        223561.54340286739     
   10.600000000000001        235020.96855854176     
   10.650000000000000        247067.78116412816     
   10.700000000000001        259732.08925223441     
   10.750000000000000        273045.54410355218     
   10.800000000000001        287041.41934832599     
   10.850000000000001        301754.69412222947     
   10.900000000000000        317222.14048447856     
   10.950000000000001        333482.41531663039     
   11.000000000000000        350576.15693172830     
   11.050000000000001        368546.08663522755     
   11.100000000000001        387437.11549150216     
   11.150000000000000        407296.45656274742     
   11.200000000000001        428173.74290076620     
   11.250000000000000        450121.15158649918     
   11.300000000000001        473193.53412728588     
   11.350000000000001        497448.55353771156     
   11.400000000000000        522946.82844661409     
   11.450000000000001        549752.08459038101     
   11.500000000000000        577931.31407109124     
   11.550000000000001        607554.94277754682     
   11.600000000000001        638697.00638750358     
   11.650000000000000        671435.33539100341     
   11.700000000000001        705851.74959713826     
   11.750000000000000        742032.26261031954     
   11.800000000000001        780067.29678706650     
   11.850000000000001        820051.90921044524     
   11.900000000000000        862086.02924690419     
   11.950000000000001        906274.70827914425     
   12.000000000000000        952728.38223907677     
   12.050000000000001        1001563.1475969810     
   12.100000000000001        1052901.0514964990     
   12.150000000000000        1106870.3967605482     
   12.200000000000001        1163606.0625303369     
   12.250000000000000        1223249.8413387237     
   12.300000000000001        1285950.7934603121     
   12.350000000000001        1351865.6194237201     
   12.400000000000000        1421159.0516169588     
   12.450000000000001        1494004.2659645239     
   12.500000000000000        1570583.3147049278     
   12.550000000000001        1651087.5813501910     
   12.600000000000001        1735718.2589641982     
   12.650000000000000        1824686.8529550890     
   12.700000000000001        1918215.7096382037     
   12.750000000000000        2016538.5718903036     
   12.800000000000001        2119901.1632837215     
   12.850000000000001        2228561.8021600810     
   12.900000000000000        2342792.0471781604     
   12.950000000000001        2462877.3759490023     
   13.000000000000000        2589117.8984541884     
   13.050000000000001        2721829.1070300462     
   13.100000000000001        2861342.6647918466     
   13.150000000000000        3008007.2344683064     
   13.200000000000001        3162189.3497175137     
   13.250000000000000        3324274.3311015931     
   13.300000000000001        3494667.2490090737     
   13.350000000000001        3673793.9359311494     
   13.400000000000000        3862102.0506214821     
   13.450000000000001        4060062.1967987008     
   13.500000000000000        4268169.0991870658     
   13.550000000000001        4486942.8398341937     
   13.600000000000001        4716930.1577951554     
   13.650000000000000        4958705.8154307054     
   13.700000000000001        5212874.0347339511     
   13.750000000000000        5480070.0072743772     
   13.800000000000001        5760961.4815327795     
   13.850000000000001        6056250.4315931890     
   13.900000000000000        6366674.8113619816     
   13.950000000000001        6693010.3986974964     
   14.000000000000000        7036072.7340583270     
   14.050000000000001        7396719.1585149700     
   14.100000000000001        7775850.9562169891     
   14.150000000000000        8174415.6066699475     
   14.200000000000001        8593409.1524497997     
   14.250000000000000        9033878.6882712077     
   14.300000000000001        9496924.9776299559     
   14.350000000000001        9983705.2035574894     
   14.400000000000000        10495435.860361645     
   14.450000000000001        11033395.793579131     
   14.500000000000000        11598929.395736312     
   14.550000000000001        12193449.965903822     
   14.600000000000001        12818443.241439715     
   14.650000000000000        13475471.110746488     
   14.700000000000001        14166175.516319606     
   14.750000000000000        14892282.557839546     
   14.800000000000001        15655606.805561488     
   14.850000000000001        16458055.834779575     
   14.900000000000000        17301634.992697429     
   14.950000000000001        18188452.409615576     
   15.000000000000000        19120724.266957916     
   15.050000000000001        20100780.335301116     
   15.100000000000001        21131069.796244256     
   15.150000000000000        22214167.362667415     
   15.200000000000001        23352779.712671470     
   15.250000000000000        24549752.253276050     
   15.300000000000001        25808076.230776917     
   15.350000000000001        27130896.205528993     
   15.400000000000000        28521517.909833509     
   15.450000000000001        29983416.508563433     
   15.500000000000000        31520245.283168554     
   15.550000000000001        33135844.760759752     
   15.600000000000001        34834252.311082184     
   15.650000000000000        36619712.235359088     
   15.700000000000001        38496686.372215189     
   15.750000000000000        40469865.247179911     
   15.800000000000001        42544179.793630965     
   15.850000000000001        44724813.674464732     
   15.900000000000000        47017216.235282570     
   15.950000000000001        49427116.121458471     
   16.000000000000000        51960535.593113065     
   16.050000000000001        54623805.573763922     
   16.100000000000001        57423581.470251366     
   16.150000000000002        60366859.803472742     
   16.199999999999999        63460995.691475578     
   16.250000000000000        66713721.228600167     
   16.300000000000001        70133164.806586891     
   16.350000000000001        73727871.425934285     
   16.400000000000002        77506824.048252955     
   16.449999999999999        81479466.042968720     
   16.500000000000000        85655724.784466729     
   16.550000000000001        90046036.458627969     
   16.600000000000001        94661372.140751243     
   16.650000000000002        99513265.210012779     
   16.699999999999999        104613840.16896671     
   16.750000000000000        109975842.94009481     
   16.800000000000001        115612672.71510220     
   16.850000000000001        121538415.43654446     
   16.900000000000002        127767878.99544117     
   16.949999999999999        134316630.23281866     
   17.000000000000000        141201033.83764258     
   17.050000000000001        148438293.23832053     
   17.100000000000001        156046493.58995527     
   17.150000000000002        164044646.96475419     
   17.199999999999999        172452739.85850522     
   17.250000000000000        181291783.13182288     
   17.300000000000001        190583864.51094294     
   17.350000000000001        200352203.77924737     
   17.400000000000002        210621210.79741704     
   17.449999999999999        221416546.49718216     
   17.500000000000000        232765187.00107220     
   17.550000000000001        244695491.02835631     
   17.600000000000001        257237270.75561628     
   17.650000000000002        270421866.30898160     
   17.699999999999999        284282224.07416308     
   17.750000000000000        298852979.01993686     
   17.800000000000001        314170541.24077553     
   17.850000000000001        330273186.93484974     
   17.900000000000002        347201154.04472011     
   17.949999999999999        364996742.79967433     
   18.000000000000000        383704421.41092676     
   18.050000000000001        403370937.18374544     
   18.100000000000001        424045433.32414168     
   18.150000000000002        445779571.73195344     
   18.199999999999999        468627662.08712900     
   18.250000000000000        492646797.55173337     
   18.300000000000001        517896997.42671406     
   18.350000000000001        544441357.11988556     
   18.400000000000002        572346205.79979157     
   18.449999999999999        601681272.12936616     
   18.500000000000000        632519858.49347258     
   18.550000000000001        664939024.15560126     
   18.600000000000001        699019777.80137491     
   18.650000000000002        734847279.94990063     
   18.699999999999999        772511055.73869252     
   18.750000000000000        812105218.61380231     
   18.800000000000001        853728705.48402905     
   18.850000000000001        897485523.92674184     
   18.900000000000002        943485012.06294000     
   18.949999999999999        991842111.75082517     
   19.000000000000000        1042677655.7804700     
   19.050000000000001        1096118669.7870579     
   19.100000000000001        1152298689.6370909     
   19.150000000000002        1211358095.0804546     
   19.200000000000003        1273444460.5019701     
   19.250000000000000        1338712923.6487586     
   19.300000000000001        1407326573.2546618     
   19.350000000000001        1479456856.5301075     
   19.400000000000002        1555284007.5355518     
   19.450000000000003        1634997497.5087118     
   19.500000000000000        1718796508.2706990     
   19.550000000000001        1806890429.8937676     
   19.600000000000001        1899499383.8740697     
   19.650000000000002        1996854773.1164818     
   19.700000000000003        2099199860.1056130     
   19.750000000000000        2206790374.7073660     
   19.800000000000001        2319895153.1197119     
   19.850000000000001        2438796809.5688057     
   19.900000000000002        2563792442.4287815     
   19.950000000000003        2695194376.5292268     
   20.000000000000000        2833330943.5048237     
   20.050000000000001        2978547302.1369452     
   20.100000000000001        3131206300.7364044     
   20.150000000000002        3291689383.7220678     
   20.200000000000003        3460397544.6601653     
   20.250000000000000        3637752328.1453395     
   20.300000000000001        3824196883.0263815     
   20.350000000000001        4020197069.6078911     
   20.400000000000002        4226242623.5941372     
   20.450000000000003        4442848379.6828022     
   20.500000000000000        4670555557.8655491     
   20.550000000000001        4909933115.6491051     
   20.600000000000001        5161579169.5747366     
   20.650000000000002        5426122489.5877905     
   20.700000000000003        5704224069.9904766     
   20.750000000000000        5996578780.9024916     
   20.800000000000001        6303917104.3553534     
   20.850000000000001        6627006959.3574657     
   20.900000000000002        6966655620.4896479     
   20.950000000000003        7323711734.8239193     
   21.000000000000000        7699067442.2043600     
   21.050000000000001        8093660604.1872225     
   21.100000000000001        8508477147.2081289     
   21.150000000000002        8944553525.8308334     
   21.200000000000003        9402979312.2302780     
   21.250000000000000        9884899918.3800602     
   21.300000000000001        10391519457.744137     
   21.350000000000001        10924103753.621794     
   21.400000000000002        11483983501.661776     
   21.450000000000003        12072557594.445679     
   21.500000000000000        12691296616.446157     
   21.550000000000001        13341746518.090843     
   21.600000000000001        14025532478.110296     
   21.650000000000002        14744362963.818977     
   21.700000000000003        15500033999.472366     
   21.750000000000000        16294433653.362621     
   21.800000000000001        17129546754.863388     
   21.850000000000001        18007459853.205902     
   21.900000000000002        18930366430.375584     
   21.950000000000003        19900572381.150352     
   22.000000000000000        20920501773.971394     
   22.050000000000001        21992702907.036968     
   22.100000000000001        23119854674.747684     
   22.150000000000002        24304773260.408691     
   22.200000000000003        25550419171.905632     
   22.250000000000000        26859904637.931992     
   22.300000000000001        28236501383.243504     
   22.350000000000001        29683648802.361099     
   22.400000000000002        31204962552.144089     
   22.450000000000003        32804243584.695457     
   22.500000000000000        34485487643.165154     
   22.550000000000001        36252895244.172371     
   22.600000000000001        38110882171.782249     
   22.650000000000002        40064090509.253479     
   22.700000000000003        42117400236.111206     
   22.750000000000000        44275941419.517662     
   22.800000000000001        46545107030.394493     
   22.850000000000001        48930566416.308548     
   22.900000000000002        51438279464.780518     
   22.950000000000003        54074511492.393837     
   23.000000000000000        56845848896.896271     
   23.050000000000001        59759215611.395844     
   23.100000000000001        62821890401.747971     
   23.150000000000002        66041525050.347115     
   23.200000000000003        69426163471.744156     
   23.250000000000000        72984261807.836380     
   23.300000000000001        76724709552.831009     
   23.350000000000001        80656851760.748062     
   23.400000000000002        84790512390.936493     
   23.450000000000003        89136018849.921234     
   23.500000000000000        93704227790.878067     
   23.550000000000001        98506552235.191299     
   23.600000000000001        103554990083.82973     
   23.650000000000002        108862154089.77063     
   23.700000000000003        114441303366.33047     
   23.750000000000000        120306376510.11188     
   23.800000000000001        126472026421.30550     
   23.850000000000001        132953656908.31305     
   23.900000000000002        139767461168.14066     
   23.950000000000003        146930462238.66711     
   24.000000000000000        154460555523.83875     
   24.050000000000001        162376553498.00955     
   24.100000000000001        170698232701.09021     
   24.150000000000002        179446383141.89429     
   24.200000000000003        188642860233.07861     
   24.250000000000000        198310639387.40353     
   24.300000000000001        208473873411.69049     
   24.350000000000001        219157952841.81989     
   24.400000000000002        230389569369.48843     
   24.450000000000003        242196782519.14798     
   24.500000000000000        254609089741.67001     
   24.550000000000001        267657500099.80814     
   24.600000000000001        281374611729.51508     
   24.650000000000002        295794693270.59381     
   24.700000000000003        310953769470.06848     
   24.750000000000000        326889711172.09937     
   24.800000000000001        343642329919.20947     
   24.850000000000001        361253477401.10126     
   24.900000000000002        379767149999.47778     
   24.950000000000003        399229598689.97681     
   25.000000000000000        419689444575.72247     
   25.050000000000001        441197800341.07330     
   25.100000000000001        463808397928.89136     
   25.150000000000002        487577722760.27429     
   25.200000000000003        512565154831.94525     
   25.250000000000000        538833117043.73370     
   25.300000000000001        566447231126.63953     
   25.350000000000001        595476481560.86182     
   25.400000000000002        625993387893.31055     
   25.450000000000003        658074185884.88574     
   25.500000000000000        691799017939.97559     
   25.550000000000001        727252133289.54041     
   25.600000000000001        764522098011.22974     
   25.650000000000002        803701981445.79993     
   25.700000000000003        844885055446.93262     
   25.750000000000000        885839877305.18066     
   25.800000000000001        928450363720.20923     
   25.850000000000001        973797338288.12903     
   25.900000000000002        1021905467050.4828     
   25.950000000000003        1072825109655.4968     
   26.000000000000000        1126628559685.4541     
   26.050000000000001        1183407088998.7966     
   26.100000000000001        1243268668435.5542     
   26.150000000000002        1306336247000.9448     
   26.200000000000003        1372746486728.3342     
   26.250000000000000        1442648866745.8828     
   26.300000000000001        1516205085539.2153     
   26.350000000000001        1593588704091.9412     
   26.400000000000002        1674984984223.6340     
   26.450000000000003        1760590886083.3472     
   26.500000000000000        1850615196606.9856     
   26.550000000000001        1945278767064.4675     
   26.600000000000001        2044814836485.0872     
   26.650000000000002        2149434097817.5015     
   26.700000000000003        2251794555844.8960     
   26.750000000000000        2360276654407.9609     
   26.800000000000001        2475664876048.9229     
   26.850000000000001        2598033063081.0342     
   26.900000000000002        2727517950257.1943     
   26.950000000000003        2864310077214.6538     
   27.000000000000000        3008646668140.6528     
   27.050000000000001        3160806159923.5303     
   27.100000000000001        3321104088033.5264     
   27.150000000000002        3489890078473.1753     
   27.200000000000003        3667545735130.2803     
   27.250000000000000        3854483250140.1743     
   27.300000000000001        4051144598451.5054     
   27.350000000000001        4258001206186.4062     
   27.400000000000002        4475554005829.0859     
   27.450000000000003        4704333810300.1074     
   27.500000000000000        4944900739281.5586     
   27.550000000000001        5184623245274.4062     
   27.600000000000001        5432730720547.0107     
   27.650000000000002        5696930715376.6338     
   27.700000000000003        5977348545424.6250     
   27.750000000000000        6274262901514.9043     
   27.800000000000001        6588083266399.9307     
   27.850000000000001        6919332124904.0439     
   27.900000000000002        7268631216251.7510     
   27.950000000000003        7636691129264.8584     
   28.000000000000000        8024303627660.5107     
   28.050000000000001        8432336188357.1504     
   28.100000000000001        8861728327280.0859     
   28.150000000000002        9313489368672.0547     
   28.200000000000003        9788697383454.3984     
   28.250000000000000        10288499079911.480     
   28.300000000000001        10814110217674.035     
   28.350000000000001        11339692708217.459     
   28.400000000000002        11880568781554.834     
   28.450000000000003        12456744291724.688     
   28.500000000000000        13068466792992.533     
   28.550000000000001        13716323418373.408     
   28.600000000000001        14401190687949.037     
   28.650000000000002        15124194920172.322     
   28.700000000000003        15886681598489.857     
   28.750000000000000        16690192151392.686     
   28.800000000000001        17536446790628.822     
   28.850000000000001        18427332261602.562     
   28.900000000000002        19364893561666.547     
   28.950000000000003        20351328862164.465     
   29.000000000000000        21388987024131.160     
   29.050000000000001        22480367225612.559     
   29.100000000000001        23628120323112.496     
   29.150000000000002        24835051653942.586     
   29.200000000000003        26104125053620.426     
   29.250000000000000        27438467915993.723     
   29.300000000000001        28841377166193.723     
   29.350000000000001        30316326050053.441     
   29.400000000000002        31866971670151.426     
   29.450000000000003        33497163219633.984     
   29.500000000000000        35210950881648.547     
   29.550000000000001        37012595375521.164     
   29.600000000000001        38906578141484.789     
   29.650000000000002        40897612164427.195     
   29.700000000000003        42990653444208.914     
   29.750000000000000        45190913125983.875     
   29.800000000000001        47503870308931.797     
   29.850000000000001        49935285556082.000     
   29.900000000000002        52491215131676.812     
   29.950000000000003        55178025995884.797     
   30.000000000000000        58002411589796.203     
   30.050000000000001        60971408446540.445     
   30.100000000000001        64092413667155.680     
   30.150000000000002        67373203302587.578     
   30.200000000000003        70821951685875.828     
   30.250000000000000        74447251761324.094     
   30.300000000000001        78258136460182.422     
   30.350000000000001        82264101175211.141     
   30.400000000000002        86475127389375.266     
   30.450000000000003        90901707516940.828     
   30.500000000000000        95554871018343.969     
   30.550000000000001        100446211853474.67     
   30.600000000000001        105587917341385.33     
   30.650000000000002        110992798498004.05     
   30.700000000000003        116674321927133.33     
   30.750000000000000        122646643343920.22     
   30.800000000000001        128924642814061.91     
   30.850000000000001        135523961796284.72     
   30.900000000000002        142461042080171.06     
   30.950000000000003        149753166716083.78     
   31.000000000000000        157418503038944.50     
   31.050000000000001        165476147892811.31     
   31.100000000000001        173946175168676.69     
   31.150000000000002        182849685773691.34     
   31.200000000000003        192208860156013.28     
   31.250000000000000        202047013515909.97     
   31.300000000000001        212388653840335.44     
   31.350000000000001        223259542905323.09     
   31.400000000000002        234686760397793.06     
   31.450000000000003        246698771316255.44     
   31.500000000000000        259325496817929.06     
   31.550000000000001        272598388688426.12     
   31.600000000000001        286550507619135.94     
   31.650000000000002        301216605486894.56     
   31.700000000000003        316633211840480.25     
   31.750000000000000        332838724808928.75     
   31.800000000000001        349873506657637.62     
   31.850000000000001        367779984229769.44     
   31.900000000000002        386602754522645.62     
   31.950000000000003        406388695661497.50     
   32.000000000000000        427187083546398.56     
   32.050000000000004        449049714462339.44     
   32.100000000000001        472031033957040.25     
   32.149999999999999        496188272306949.88     
   32.200000000000003        521581586907908.81     
   32.250000000000000        548274211944404.31     
   32.300000000000004        576332615709349.12     
   32.350000000000001        605826665965163.00     
   32.399999999999999        636829803757208.25     
   32.450000000000003        669419226111257.12     
   32.500000000000000        703676078069022.88     
   32.550000000000004        739685654538825.38     
   32.600000000000001        777537612462748.12     
   32.649999999999999        817326193827511.00     
   32.700000000000003        859150460072910.62     
   32.750000000000000        903114538480118.75     
   32.800000000000004        949327881151914.62     
   32.850000000000001        997905537227945.50     
   32.899999999999999        1048968439011291.8     
   32.950000000000003        1102643702716808.4     
   33.000000000000000        1159064944588120.2     
   33.050000000000004        1218372613168472.0     
   33.100000000000001        1280714338550312.8     
   33.149999999999999        1346245299470943.8     
   33.200000000000003        1415128609165850.8     
   33.250000000000000        1487535720937396.8     
   33.300000000000004        1563646854446231.0     
   33.350000000000001        1643651443783396.0     
   33.399999999999999        1727748608435690.0     
   33.450000000000003        1816147648313399.5     
   33.500000000000000        1909068564068952.2     
   33.550000000000004        2006742603998477.2     
   33.600000000000001        2109412838883171.2     
   33.649999999999999        2217334766197582.0     
   33.700000000000003        2330776945184167.5     
   33.750000000000000        2450021664370001.5     
   33.800000000000004        2575365643182622.0     
   33.850000000000001        2707120769405151.0     
   33.899999999999999        2845614874301593.0     
   33.950000000000003        2991192547334397.5     
   34.000000000000000        3144215992496433.0     
   34.050000000000004        3305065928381506.5     
   34.100000000000001        3474142534226099.0     
   34.149999999999999        3651866444269443.0     
   34.200000000000003        3838679792898096.5     
   34.250000000000000        4035047313167161.5     
   34.300000000000004        4241457491423557.5     
   34.350000000000001        4458423780893460.5     
   34.399999999999999        4686485877244590.0     
   34.450000000000003        4926211059286134.0     
   34.500000000000000        5178195598130087.0     
   34.550000000000004        5443066238308778.0     
   34.600000000000001        5721481754520333.0     
   34.649999999999999        6014134587861331.0     
   34.700000000000003        6321752565602781.0     
   34.750000000000000        6645100708772919.0     
   34.800000000000004        6984983132027001.0     
   34.850000000000001        7342245040512129.0     
   34.899999999999999        7717774828677474.0     
   34.950000000000003        8112506286230163.0     
   35.000000000000000        8527420916702765.0     
   35.050000000000004        8963550374379337.0     
   35.100000000000001        9421979025615330.0     
   35.149999999999999        9903846640899722.0     
   35.200000000000003        10410351224326062.     
   35.250000000000000        10942751987482852.     
   35.300000000000004        11502372475130236.     
   35.350000000000001        12090603850402118.     
   35.399999999999999        12708908347673600.     
   35.450000000000003        13358822901640480.     
   35.500000000000000        14041962961600272.     
   35.550000000000004        14760026500379298.     
   35.600000000000001        15514798227828728.     
   35.649999999999999        16308154019323810.     
   35.700000000000003        17142065570227634.     
   35.750000000000000        18018605287840864.     
   35.800000000000004        18939951432946080.     
   35.850000000000001        19908393523669216.     
   35.899999999999999        20926338015036608.     
   35.950000000000003        21996314268274148.     
   36.000000000000000        23120980824624696.     
   36.050000000000004        24303131999202964.     
   36.100000000000001        25545704811199668.     
   36.149999999999999        26851786267580212.     
   36.200000000000003        28224621018291904.     
   36.250000000000000        29667619401912456.     
   36.300000000000004        31184365901639024.     
   36.350000000000001        32778628032524644.     
   36.399999999999999        34454365681938744.     
   36.450000000000003        36215740926344568.     
   36.500000000000000        38067128348655616.     
   36.550000000000004        40013125881686144.     
   36.600000000000001        42058566204480728.     
   36.649999999999999        44208528719704536.     
   36.700000000000003        46468352141677904.     
   36.750000000000000        48843647726164856.     
   36.800000000000004        51340313174607472.     
   36.850000000000001        53964547247137136.     
   36.899999999999999        56722865120483920.     
   36.950000000000003        59622114528692880.     
   37.000000000000000        62669492726519392.     
   37.050000000000004        65872564317396112.     
   37.100000000000001        69239279989978064.     
   37.149999999999999        72777996209531696.     
   37.200000000000003        76497495912779808.     
   37.250000000000000        80407010257262368.     
   37.300000000000004        84516241478920624.     
   37.350000000000001        88835386914278224.     
   37.399999999999999        93375164246518512.     
   37.450000000000003        98146838037722224.     
   37.500000000000000        1.0316224761271680E+017
   37.550000000000004        1.0843383636333562E+017
   37.600000000000001        1.1397468254532349E+017
   37.649999999999999        1.1979853164384891E+017
   37.700000000000003        1.2591983038742523E+017
   37.750000000000000        1.3235376249407680E+017
   37.800000000000004        1.3911628623787480E+017
   37.850000000000001        1.4622417392842928E+017
   37.899999999999999        1.5369505340061747E+017
   37.950000000000003        1.6154745161677610E+017
   38.000000000000000        1.6980084048878003E+017
   38.050000000000004        1.7847568503287942E+017
   38.100000000000001        1.8759349397587830E+017
   38.149999999999999        1.9717687293731526E+017
   38.200000000000003        2.0724958031852912E+017
   38.250000000000000        2.1783658603624592E+017
   38.300000000000004        2.2896413324524314E+017
   38.350000000000001        2.4065980320198397E+017
   38.400000000000006        2.5295258342884554E+017
   38.450000000000003        2.6587293934662672E+017
   38.500000000000000        2.7945288955157018E+017
   38.550000000000004        2.9372608492201619E+017
   38.600000000000001        3.0872789174922816E+017
   38.650000000000006        3.2449547909681037E+017
   38.700000000000003        3.4106791060342048E+017
   38.750000000000000        3.5848624095446720E+017
   38.800000000000004        3.7679361725982989E+017
   38.850000000000001        3.9603538558670406E+017
   38.900000000000006        4.1625920290926323E+017
   38.950000000000003        4.3751515475011277E+017
   39.000000000000000        4.5985587880243469E+017
   39.050000000000004        4.8333669483631725E+017
   39.100000000000001        5.0801574120813536E+017
   39.150000000000006        5.3395411830810592E+017
   39.200000000000003        5.6121603929790074E+017
   39.250000000000000        5.8986898850817805E+017
   39.300000000000004        6.1998388788454605E+017
   39.350000000000001        6.5163527189013862E+017
   39.400000000000006        6.8490147129362995E+017
   39.450000000000003        7.1986480629316352E+017
   39.500000000000000        7.5661178944959206E+017
   39.550000000000004        7.9523333892615834E+017
   39.600000000000001        8.3582500255700902E+017
   39.650000000000006        8.7848719329343040E+017
   39.700000000000003        9.2332543660406630E+017
   39.750000000000000        9.7045063043510054E+017
   39.800000000000004        1.0199793183662961E+018
   39.850000000000001        1.0720339766314593E+018
   39.900000000000006        1.1267433157054729E+018
   39.950000000000003        1.1842425971952451E+018
   40.000000000000000        1.2446739668097884E+018
   40.050000000000004        1.3081868042228388E+018
   40.100000000000001        1.3749380906834675E+018
   40.150000000000006        1.4450927952724570E+018
   40.200000000000003        1.5188242807480691E+018
   40.250000000000000        1.5963147299721339E+018
   40.300000000000004        1.6777555939573878E+018
   40.350000000000001        1.7633480626294518E+018
   40.400000000000006        1.8533035594522040E+018
   40.450000000000003        1.9478442611225887E+018
   40.500000000000000        2.0472036436023867E+018
   40.550000000000004        2.1516270558177523E+018
   40.600000000000001        2.2613723224242698E+018
   40.650000000000006        2.3767103771066506E+018
   40.700000000000003        2.4979259279541228E+018
   40.750000000000000        2.6253181565327729E+018
   40.800000000000004        2.7592014523547868E+018
   40.850000000000001        2.8999061845323192E+018
   40.900000000000006        3.0477795124925819E+018
   40.950000000000003        3.2031862377245092E+018
   41.000000000000000        3.3665096986278031E+018
   41.050000000000004        3.5381527106376960E+018
   41.100000000000001        3.7185385539088625E+018
   41.150000000000006        3.9081120109564959E+018
   41.200000000000003        4.1073404567712481E+018
   41.250000000000000        4.3167150040544850E+018
   41.300000000000004        4.5367517063485660E+018
   41.350000000000001        4.7679928219799398E+018
   41.400000000000006        5.0110081418765025E+018
   41.450000000000003        5.2663963844748227E+018
   41.500000000000000        5.5347866610947942E+018
   41.550000000000004        5.8168400153260186E+018
   41.600000000000001        6.1132510401502505E+018
   41.650000000000006        6.4247495767092337E+018
   41.700000000000003        6.7521024988212746E+018
   41.750000000000000        7.0961155875588772E+018
   41.800000000000004        7.4576355004111944E+018
   41.850000000000001        7.8375518397825853E+018
   41.900000000000006        8.2367993258165524E+018
   41.950000000000003        8.6563600787821814E+018
   42.000000000000000        9.0972660165213901E+018
   42.050000000000004        9.5606013727306199E+018
   42.100000000000001        1.0047505342135251E+019
   42.150000000000006        1.0559174858922203E+019
   42.200000000000003        1.1096867515105909E+019
   42.250000000000000        1.1661904625842612E+019
   42.300000000000004        1.2255674449049700E+019
   42.350000000000001        1.2879635567057431E+019
   42.400000000000006        1.3535320438402177E+019
   42.450000000000003        1.4224339128273224E+019
   42.500000000000000        1.4948383226547716E+019
   42.550000000000004        1.5709229962790154E+019
   42.600000000000001        1.6508746528060539E+019
   42.650000000000006        1.7348894613859451E+019
   42.700000000000003        1.8231735179051839E+019
   42.750000000000000        1.9159433456146203E+019
   42.800000000000004        2.0134264208868823E+019
   42.850000000000001        2.1158617253565239E+019
   42.900000000000006        2.2235003257571832E+019
   42.950000000000003        2.3366059828358799E+019
   43.000000000000000        2.4554557907920523E+019
   43.050000000000004        2.5803408487600685E+019
   43.100000000000001        2.7115669659292365E+019
   43.150000000000006        2.8494554019731988E+019
   43.200000000000003        2.9943436445435023E+019
   43.250000000000000        3.1465862256667206E+019
   43.300000000000004        3.3065555789771051E+019
   43.350000000000001        3.4746429398090985E+019
   43.400000000000006        3.6512592902745698E+019
   43.450000000000003        3.8368363515532313E+019
   43.500000000000000        4.0318276257334223E+019
   43.550000000000004        4.2367094896545587E+019
   43.600000000000001        4.4519823433222840E+019
   43.650000000000006        4.6781718155924947E+019
   43.700000000000003        4.9158300299518624E+019
   43.750000000000000        5.1655369333592228E+019
   43.800000000000004        5.4279016912568164E+019
   43.850000000000001        5.7035641520111305E+019
   43.900000000000006        5.9931963841996497E+019
   43.950000000000003        6.2975042903280640E+019
   44.000000000000000        6.6172293007313273E+019
   44.050000000000004        6.9531501515970511E+019
   44.100000000000001        7.3060847512364212E+019
   44.150000000000006        7.6768921389289570E+019
   44.200000000000003        8.0664745408720323E+019
   44.250000000000000        8.4757795279866774E+019
   44.300000000000004        8.9058022805538537E+019
   44.350000000000001        9.3575879649011532E+019
   44.400000000000006        9.8322342275986866E+019
   44.450000000000003        1.0330893812889759E+020
   44.500000000000000        1.0854777309355439E+020
   44.550000000000004        1.1405156032085744E+020
   44.600000000000001        1.1983365046944273E+020
   44.650000000000006        1.2590806343806362E+020
   44.700000000000003        1.3228952165988652E+020
   44.750000000000000        1.3899348503418762E+020
   44.800000000000004        1.4603618757453965E+020
   44.850000000000001        1.5343467585622104E+020
   44.900000000000006        1.6120684934950784E+020
   44.950000000000003        1.6937150272945432E+020
   45.000000000000000        1.7794837025705715E+020
   45.050000000000004        1.8695817233108117E+020
   45.100000000000001        1.9642266431430060E+020
   45.150000000000006        2.0636468774286161E+020
   45.200000000000003        2.1680822403226973E+020
   45.250000000000000        2.2777845079884369E+020
   45.300000000000004        2.3930180092077379E+020
   45.350000000000001        2.5140602446862329E+020
   45.400000000000006        2.6412025364094786E+020
   45.450000000000003        2.7747507084683123E+020
   45.500000000000000        2.9150258008342440E+020
   45.550000000000004        3.0623648176326168E+020
   45.600000000000001        3.2171215115296519E+020
   45.650000000000006        3.3796672059203833E+020
   45.700000000000003        3.5503916566790688E+020
   45.750000000000000        3.7297039553102637E+020
   45.800000000000004        3.9180334754197773E+020
   45.850000000000001        4.1158308645044748E+020
   45.900000000000006        4.3235690831494919E+020
   45.950000000000003        4.5417444938070930E+020
   46.000000000000000        4.7708780014255977E+020
   46.050000000000004        5.0115162482896549E+020
   46.100000000000001        5.2642328655331079E+020
   46.150000000000006        5.5296297838876184E+020
   46.200000000000003        5.8083386063308744E+020
   46.250000000000000        6.1010220454119630E+020
   46.300000000000004        6.4083754281369587E+020
   46.350000000000001        6.7311282714151944E+020
   46.400000000000006        7.0700459311826049E+020
   46.450000000000003        7.4259313284386167E+020
   46.500000000000000        7.7996267555560148E+020
   46.550000000000004        8.1920157663497473E+020
   46.600000000000001        8.6040251535165909E+020
   46.650000000000006        9.0366270171922026E+020
   46.700000000000003        9.4908409284986824E+020
   46.750000000000000        9.9677361920998847E+020
   46.800000000000004        1.0468434211903996E+021
   46.850000000000001        1.0994110964202955E+021
   46.900000000000006        1.1545999582668368E+021
   46.950000000000003        1.2125393059762966E+021
   47.000000000000000        1.2733647069264271E+021
   47.050000000000004        1.3372182914728025E+021
   47.100000000000001        1.4042490608860767E+021
   47.150000000000006        1.4746132088893355E+021
   47.200000000000003        1.5484744573173812E+021
   47.250000000000000        1.6260044064319477E+021
   47.300000000000004        1.7073829004386752E+021
   47.350000000000001        1.7927984087608774E+021
   47.400000000000006        1.8824484236359526E+021
   47.450000000000003        1.9765398746074157E+021
   47.500000000000000        2.0752895604928450E+021
   47.550000000000004        2.1789245994130255E+021
   47.600000000000001        2.2876828974707145E+021
   47.650000000000006        2.4018136366673408E+021
   47.700000000000003        2.5215777826449030E+021
   47.750000000000000        2.6472486128357784E+021
   47.800000000000004        2.7791122655918089E+021
   47.850000000000001        2.9174683108551688E+021
   47.900000000000006        3.0626303429133342E+021
   47.950000000000003        3.2149265957590207E+021
   48.000000000000000        3.3747005815474629E+021
   48.050000000000004        3.5423117526090299E+021
   48.100000000000001        3.7181361874284351E+021
   48.150000000000006        3.9025673009571472E+021
   48.200000000000003        4.0960165795556947E+021
   48.250000000000000        4.2989143407996982E+021
   48.300000000000004        4.5117105182885318E+021
   48.350000000000001        4.7348754715056380E+021
   48.400000000000006        4.9689008206605535E+021
   48.450000000000003        5.2143003063114657E+021
   48.500000000000000        5.4716106734152261E+021
   48.550000000000004        5.7413925792785713E+021
   48.600000000000001        6.0242315246835335E+021
   48.650000000000006        6.3207388072344447E+021
   48.700000000000003        6.6315524957153169E+021
   48.750000000000000        6.9573384239499455E+021
   48.800000000000004        7.2987912023278816E+021
   48.850000000000001        7.6566352447762522E+021
   48.900000000000006        8.0316258085329479E+021
   48.950000000000003        8.4245500435950951E+021
   49.000000000000000        8.8362280481608172E+021
   49.050000000000004        9.2675139257773253E+021
   49.100000000000001        9.7192968391997186E+021
   49.150000000000006        1.0192502055192702E+022
   49.200000000000003        1.0688091973607271E+022
   49.250000000000000        1.1207067133080532E+022
   49.300000000000004        1.1750467184570279E+022
   49.350000000000001        1.2319371822683216E+022
   49.400000000000006        1.2914901663317425E+022
   49.450000000000003        1.3538219054532510E+022
   49.500000000000000        1.4190528805768794E+022
   49.550000000000004        1.4873078818470913E+022
   49.600000000000001        1.5587160598893606E+022
   49.650000000000006        1.6334109631264982E+022
   49.700000000000003        1.7115305586569033E+022
   49.750000000000000        1.7932172338902266E+022
   49.800000000000004        1.8786177757657826E+022
   49.850000000000001        1.9678833239558120E+022
   49.900000000000006        2.0611692939854490E+022
   49.950000000000003        2.1586352656591738E+022
   50.000000000000000        2.2604448315824631E+022
   50.050000000000004        2.3667653998735228E+022
   50.100000000000001        2.4777679443868118E+022
   50.150000000000006        2.5936266948802521E+022
   50.200000000000003        2.7145187585620951E+022
   50.250000000000000        2.8406236633043609E+022
   50.300000000000004        2.9721228115232822E+022
   50.350000000000001        3.1091988322391108E+022
   50.400000000000006        3.2520348171549631E+022
   50.450000000000003        3.4008134246592519E+022
   50.500000000000000        3.5557158334713760E+022
   50.550000000000004        3.7169205251244642E+022
   50.600000000000001        3.8846018716016923E+022
   50.650000000000006        4.0589285011287785E+022
   50.700000000000003        4.2400614113230864E+022
   50.750000000000000        4.4281517945106091E+022
   50.800000000000004        4.6233385349747923E+022
   50.850000000000001        4.8257453320533617E+022
   50.900000000000006        5.0354773962324997E+022
   50.950000000000003        5.2526176575606376E+022
   51.000000000000000        5.4772224165727814E+022
   51.050000000000004        5.7093163573228350E+022
   51.100000000000001        5.9488868297441836E+022
   51.150000000000006        6.1958772940956921E+022
   51.200000000000003        6.4501798033333930E+022
   51.250000000000000        6.7116263793721497E+022
   51.300000000000004        6.9799791158686718E+022
   51.350000000000001        7.2549188126889168E+022
   51.400000000000006        7.5360319147945411E+022
   51.450000000000003        7.8227954900991442E+022
   51.500000000000000        8.1145599356374480E+022
   51.550000000000004        8.4105290480875504E+022
   51.600000000000001        8.7097370317509213E+022
   51.650000000000006        9.0110219430328946E+022
   51.700000000000003        9.3129949837337440E+022
   51.750000000000000        9.6140049546705839E+022
   51.800000000000004        9.9120970656967041E+022
   51.850000000000001        1.0204965168863018E+023
   51.900000000000006        1.0489896342462648E+023
   51.950000000000003        1.0763706615561529E+023
   52.000000000000000        1.1022666508033499E+023
   52.050000000000004        1.1262415016694338E+023
   52.100000000000001        1.1477860795121794E+023
   52.150000000000006        1.1663069731698629E+023
   52.200000000000003        1.1811139275177166E+023
   52.250000000000000        1.1914062374485141E+023
   52.300000000000004        1.1962589157116843E+023
