  0.10000000000000001        1.1097961531717536E-002  0.84001929598500602     
  0.15000000000000002        1.1090885452518314E-002  0.83955344047480895     
  0.20000000000000001        1.1081615380226098E-002  0.83908818732047441     
  0.25000000000000000        1.1070445789250911E-002  0.83862362147868752     
  0.30000000000000004        1.1057630907219831E-002  0.83815981624057545     
  0.35000000000000003        1.1043390158028635E-002  0.83769683483320201     
  0.40000000000000002        1.1027912886191616E-002  0.83723473180329644     
  0.45000000000000001        1.1011362452765221E-002  0.83677355421216848     
  0.50000000000000000        1.0993879783285473E-002  0.83631334266712520     
  0.55000000000000004        1.0975586438318488E-002  0.83585413221137306     
  0.60000000000000009        1.0956587269064039E-002  0.83539595309157078     
  0.65000000000000002        1.0936972712827980E-002  0.83493883141967018     
  0.70000000000000007        1.0916820776015645E-002  0.83448278974344292     
  0.75000000000000000        1.0896198746491911E-002  0.83402784753818948     
  0.80000000000000004        1.0875164671704558E-002  0.83357402163045036     
  0.85000000000000009        1.0853768634188783E-002  0.83312132656305848     
  0.90000000000000002        1.0832053851836965E-002  0.83266977490960303     
  0.95000000000000007        1.0810057626890432E-002  0.83221937754529807     
   1.0000000000000000        1.0787812164231881E-002  0.83177014388027237     
   1.0500000000000000        1.0765345276900845E-002  0.83132208206047709     
   1.1000000000000001        1.0742680994057159E-002  0.83087519914066899     
   1.1500000000000001        1.0719840085209228E-002  0.83042950123339454     
   1.2000000000000002        1.0696840512058636E-002  0.82998499363727363     
   1.2500000000000000        1.0673697817422058E-002  0.82954168094739134     
   1.3000000000000000        1.0650425460856037E-002  0.82909956715041111     
   1.3500000000000001        1.0627035107654505E-002  0.82865865570643360     
   1.4000000000000001        1.0603536877676008E-002  0.82821894961944664     
   1.4500000000000002        1.0579939560058614E-002  0.82778045149802104     
   1.5000000000000000        1.0556250797773021E-002  0.82734316360750337     
   1.5500000000000000        1.0532477246955904E-002  0.82690708791499434     
   1.6000000000000001        1.0508624714006222E-002  0.82647222612804383     
   1.6500000000000001        1.0484698273734279E-002  0.82603857972796912     
   1.7000000000000002        1.0460702371134264E-002  0.82560614999853288     
   1.7500000000000000        1.0436640908734616E-002  0.82517493805058884     
   1.8000000000000000        1.0412517322565014E-002  0.82474494484339633     
   1.8500000000000001        1.0388334646657336E-002  0.82431617120283884     
   1.9000000000000001        1.0364095569337185E-002  0.82388861783720979     
   1.9500000000000002        1.0339802481417294E-002  0.82346228535076016     
   2.0000000000000000        1.0315457517600742E-002  0.82303717425534517     
   2.0500000000000003        1.0291062592261424E-002  0.82261328498047159     
   2.1000000000000001        1.0266619430290429E-002  0.82219061788194625     
   2.1499999999999999        1.0242129593602376E-002  0.82176917324931897     
   2.2000000000000002        1.0217594503846360E-002  0.82134895131227026     
   2.2500000000000000        1.0193015462146543E-002  0.82092995224614118     
   2.3000000000000003        1.0168393666081233E-002  0.82051217617668892     
   2.3500000000000001        1.0143730224122894E-002  0.82009562318415763     
   2.4000000000000004        1.0119026168221645E-002  0.81968029330680847     
   2.4500000000000002        1.0094282464661703E-002  0.81926618654395955     
   2.5000000000000000        1.0069500023188174E-002  0.81885330285857905     
   2.5500000000000003        1.0044679705233650E-002  0.81844164217956694     
   2.6000000000000001        1.0019822330596248E-002  0.81803120440366917     
   2.6500000000000004        9.9949286834744248E-003  0.81762198939716590     
   2.7000000000000002        9.9699995174934147E-003  0.81721399699730712     
   2.7500000000000000        9.9450355601500839E-003  0.81680722701356512     
   2.8000000000000003        9.9200375164760456E-003  0.81640167922869789     
   2.8500000000000001        9.8950060724594061E-003  0.81599735339970070     
   2.9000000000000004        9.8699418976157041E-003  0.81559424925858282     
   2.9500000000000002        9.8448456475089471E-003  0.81519236651307880     
   3.0000000000000000        9.8197179657709341E-003  0.81479170484724728     
   3.0500000000000003        9.7945594858593159E-003  0.81439226392199315     
   3.1000000000000001        9.7693708326049809E-003  0.81399404337552606     
   3.1500000000000004        9.7441526234921978E-003  0.81359704282375334     
   3.2000000000000002        9.7189054697112091E-003  0.81320126186061770     
   3.2500000000000000        9.6936299772096800E-003  0.81280670005841271     
   3.3000000000000003        9.6683267474476295E-003  0.81241335696803985     
   3.3500000000000001        9.6429963781038287E-003  0.81202123211924282     
   3.4000000000000004        9.6176394636149978E-003  0.81163032502080712     
   3.4500000000000002        9.5922565958025379E-003  0.81124063516075962     
   3.5000000000000000        9.5668483642260480E-003  0.81085216200652044     
   3.5500000000000003        9.5414153565159497E-003  0.81046490500504620     
   3.6000000000000001        9.5159581587396670E-003  0.81007886358296965     
   3.6500000000000004        9.4904773556510891E-003  0.80969403714671762     
   3.7000000000000002        9.4649735308916950E-003  0.80931042508261963     
   3.7500000000000000        9.4394472671635501E-003  0.80892802675700592     
   3.8000000000000003        9.4138991464123977E-003  0.80854684151630651     
   3.8500000000000001        9.3883297499259503E-003  0.80816686868713505     
   3.9000000000000004        9.3627396584391766E-003  0.80778810757637065     
   3.9500000000000002        9.3371294522178773E-003  0.80741055747123680     
   4.0000000000000000        9.3114997111396324E-003  0.80703421763937810     
   4.0499999999999998        9.2858510147182157E-003  0.80665908732892866     
   4.1000000000000005        9.2601839421734451E-003  0.80628516576858422     
   4.1500000000000004        9.2344990724013247E-003  0.80591245216766361     
   4.2000000000000002        9.2087969840438950E-003  0.80554094571618162     
   4.2500000000000000        9.1830782554961268E-003  0.80517064558491258     
   4.2999999999999998        9.1573434648491471E-003  0.80480155092544836     
   4.3500000000000005        9.1315931899780111E-003  0.80443366087027346     
   4.4000000000000004        9.1058280084713936E-003  0.80406697453281917     
   4.4500000000000002        9.0800484976007560E-003  0.80370149100752664     
   4.5000000000000000        9.0542552343762968E-003  0.80333720936991848     
   4.5499999999999998        9.0284487954610266E-003  0.80297412867665396     
   4.6000000000000005        9.0026297571850159E-003  0.80261224796559860     
   4.6500000000000004        8.9767986954830178E-003  0.80225156625588279     
   4.7000000000000002        8.9509561859380440E-003  0.80189208254797617     
   4.7500000000000000        8.9251028036302534E-003  0.80153379582373785     
   4.8000000000000007        8.8992391232662199E-003  0.80117670504650251     
   4.8500000000000005        8.8733657190290145E-003  0.80082080916113252     
   4.9000000000000004        8.8474831645687143E-003  0.80046610709408739     
   4.9500000000000002        8.8215920329895430E-003  0.80011259775349663     
   5.0000000000000000        8.7956928967918152E-003  0.79976028002922461     
   5.0500000000000007        8.7697863278744393E-003  0.79940915279294589     
   5.1000000000000005        8.7438728974419504E-003  0.79905921489820864     
   5.1500000000000004        8.7179531760592319E-003  0.79871046518051836     
   5.2000000000000002        8.6920277335059987E-003  0.79836290245739550     
   5.2500000000000000        8.6660971388137012E-003  0.79801652552845959     
   5.3000000000000007        8.6401619602148247E-003  0.79767133317550143     
   5.3500000000000005        8.6142227650930474E-003  0.79732732416255658     
   5.4000000000000004        8.5882801199303090E-003  0.79698449723597975     
   5.4500000000000002        8.5623345903463339E-003  0.79664285112453204     
   5.5000000000000000        8.5363867409815174E-003  0.79630238453944790     
   5.5500000000000007        8.5104371354429702E-003  0.79596309617451255     
   5.6000000000000005        8.4844863364058522E-003  0.79562498470616050     
   5.6500000000000004        8.4585349053794730E-003  0.79528804879352899     
   5.7000000000000002        8.4325834028365961E-003  0.79495228707856258     
   5.7500000000000000        8.4066323880943629E-003  0.79461769818608485     
   5.8000000000000007        8.3806824193079516E-003  0.79428428072388579     
   5.8500000000000005        8.3547340534450600E-003  0.79395203328280639     
   5.9000000000000004        8.3287878461820366E-003  0.79362095443681646     
   5.9500000000000002        8.3028443519183280E-003  0.79329104274310625     
   6.0000000000000000        8.2769041237496007E-003  0.79296229674217611     
   6.0500000000000007        8.2509677134396959E-003  0.79263471495792315     
   6.1000000000000005        8.2250356713447111E-003  0.79230829589772622     
   6.1500000000000004        8.1991085463852080E-003  0.79198303805253489     
   6.2000000000000002        8.1731868860403963E-003  0.79165893989696468     
   6.2500000000000000        8.1472712362775594E-003  0.79133599988938286     
   6.3000000000000007        8.1213621415753418E-003  0.79101421647200820     
   6.3500000000000005        8.0954601448204391E-003  0.79069358807099366     
   6.4000000000000004        8.0695657872780248E-003  0.79037411309652139     
   6.4500000000000002        8.0436796086449155E-003  0.79005578994290815     
   6.5000000000000000        8.0178021469250634E-003  0.78973861698868753     
   6.5500000000000007        7.9919339384177529E-003  0.78942259259670866     
   6.6000000000000005        7.9660755177084520E-003  0.78910771511423661     
   6.6500000000000004        7.9402274175946058E-003  0.78879398287304281     
   6.7000000000000002        7.9143901691220084E-003  0.78848139418951269     
   6.7500000000000000        7.8885643014660490E-003  0.78816994736473267     
   6.8000000000000007        7.8627503419492033E-003  0.78785964068459569     
   6.8500000000000005        7.8369488160366669E-003  0.78755047241990517     
   6.9000000000000004        7.8111602472681532E-003  0.78724244082646921     
   6.9500000000000002        7.7853851571908850E-003  0.78693554414519895     
   7.0000000000000000        7.7596240653830953E-003  0.78662978060221644     
   7.0500000000000007        7.7338774894559325E-003  0.78632514840896184     
   7.1000000000000005        7.7081459449257926E-003  0.78602164576228317     
   7.1500000000000004        7.6824299452154304E-003  0.78571927084454418     
   7.2000000000000002        7.6567300017174765E-003  0.78541802182374176     
   7.2500000000000000        7.6310466236359188E-003  0.78511789685359212     
   7.3000000000000007        7.6053803180451719E-003  0.78481889407364980     
   7.3500000000000005        7.5797315898017614E-003  0.78452101160940380     
   7.4000000000000004        7.5541009415636467E-003  0.78422424757239206     
   7.4500000000000002        7.5284888737497469E-003  0.78392860006030585     
   7.5000000000000000        7.5028958844852280E-003  0.78363406715709416     
   7.5500000000000007        7.4773224696135622E-003  0.78334064693307681     
   7.6000000000000005        7.4517691226404564E-003  0.78304833744504987     
   7.6500000000000004        7.4262363347214685E-003  0.78275713673639546     
   7.7000000000000002        7.4007245946418289E-003  0.78246704283719337     
   7.7500000000000000        7.3752343887530034E-003  0.78217805376432570     
   7.8000000000000007        7.3497662010199799E-003  0.78189016752159679     
   7.8500000000000005        7.3243205129201964E-003  0.78160338209983382     
   7.9000000000000004        7.2988978034526494E-003  0.78131769547700347     
   7.9500000000000002        7.2734985491357505E-003  0.78103310561832628     
   8.0000000000000000        7.2481232239339586E-003  0.78074961047638203     
   8.0500000000000007        7.2227722992452958E-003  0.78046720799122460     
   8.0999999999999996        7.1974462439463784E-003  0.78018589609050371     
   8.1500000000000004        7.1721455242667606E-003  0.77990567268956379     
   8.2000000000000011        7.1468706038042371E-003  0.77962653569156415     
   8.2500000000000000        7.1216219435890375E-003  0.77934848298760373     
   8.3000000000000007        7.0964000019158261E-003  0.77907151245681550     
   8.3499999999999996        7.0712052343933681E-003  0.77879562196649166     
   8.4000000000000004        7.0460380939685084E-003  0.77852080937220480     
   8.4500000000000011        7.0208990308104589E-003  0.77824707251790914     
   8.5000000000000000        6.9957884923747722E-003  0.77797440923606909     
   8.5500000000000007        6.9707069233422968E-003  0.77770281734776814     
   8.5999999999999996        6.9456547655970631E-003  0.77743229466282560     
   8.6500000000000004        6.9206324582212191E-003  0.77716283897991412     
   8.7000000000000011        6.8956404374355112E-003  0.77689444808667274     
   8.7500000000000000        6.8706791366397848E-003  0.77662711975982934     
   8.8000000000000007        6.8457489864270672E-003  0.77636085176532288     
   8.8499999999999996        6.8208504144387791E-003  0.77609564185840396     
   8.9000000000000004        6.7959838454340251E-003  0.77583148778376310     
   8.9500000000000011        6.7711497012689715E-003  0.77556838727564881     
   9.0000000000000000        6.7463484008438495E-003  0.77530633805798022     
   9.0500000000000007        6.7215803601338355E-003  0.77504533784447116     
   9.0999999999999996        6.6968459921455410E-003  0.77478538433874433     
   9.1500000000000004        6.6721457069087338E-003  0.77452647523445117     
   9.2000000000000011        6.6474799114257304E-003  0.77426860821538468     
   9.2500000000000000        6.6228490097468996E-003  0.77401178095561052     
   9.3000000000000007        6.5982534028587786E-003  0.77375599111957249     
   9.3499999999999996        6.5736934887411780E-003  0.77350123636221990     
   9.4000000000000004        6.5491696622427950E-003  0.77324751432911254     
   9.4500000000000011        6.5246823152561220E-003  0.77299482265656427     
   9.5000000000000000        6.5002318365464740E-003  0.77274315897173995     
   9.5500000000000007        6.4758186117691843E-003  0.77249252089277931     
   9.6000000000000014        6.4514430235036854E-003  0.77224290602892143     
   9.6500000000000004        6.4271054512323594E-003  0.77199431198062241     
   9.7000000000000011        6.4028062712735831E-003  0.77174673633966695     
   9.7500000000000000        6.3785458568418373E-003  0.77150017668929693     
   9.8000000000000007        6.3543245779703510E-003  0.77125463060432153     
   9.8500000000000014        6.3301428015743039E-003  0.77101009565124479     
   9.9000000000000004        6.3060008913837498E-003  0.77076656938837829     
   9.9500000000000011        6.2818992079620439E-003  0.77052404936596286     
   10.000000000000000        6.2578381086678672E-003  0.77028253312628381     
   10.050000000000001        6.2338179477166439E-003  0.77004201820379770     
   10.100000000000001        6.2098390760371184E-003  0.76980250212523527     
   10.150000000000000        6.1859018414085875E-003  0.76956398240973767     
   10.200000000000001        6.1620065883940004E-003  0.76932645656896714     
   10.250000000000000        6.1381536583048762E-003  0.76908992210722205     
   10.300000000000001        6.1143433892502800E-003  0.76885437652156174     
   10.350000000000001        6.0905761160803098E-003  0.76861981730191875     
   10.400000000000000        6.0668521704110310E-003  0.76838624193122040     
   10.450000000000001        6.0431718805942364E-003  0.76815364788550333     
   10.500000000000000        6.0195355717759273E-003  0.76792203263403946     
   10.550000000000001        5.9959435657414382E-003  0.76769139363943439     
   10.600000000000001        5.9723961811168017E-003  0.76746172835777082     
   10.650000000000000        5.9488937331947751E-003  0.76723303423870393     
   10.700000000000001        5.9254365340054762E-003  0.76700530872558781     
   10.750000000000000        5.9020248923526896E-003  0.76677854925559774     
   10.800000000000001        5.8786591136730324E-003  0.76655275325982741     
   10.850000000000001        5.8553395001918092E-003  0.76632791816342738     
   10.900000000000000        5.8320663508043035E-003  0.76610404138570554     
   10.950000000000001        5.8088399611407812E-003  0.76588112034025102     
   11.000000000000000        5.7856606235435516E-003  0.76565915243504767     
   11.050000000000001        5.7625286270278093E-003  0.76543813507258363     
   11.100000000000001        5.7394442573536104E-003  0.76521806564997674     
   11.150000000000000        5.7164077969939706E-003  0.76499894155908432     
   11.200000000000001        5.6934195250957212E-003  0.76478076018661301     
   11.250000000000000        5.6704797175349897E-003  0.76456351891423979     
   11.300000000000001        5.6475886468527652E-003  0.76434721511871839     
   11.350000000000001        5.6247465823271820E-003  0.76413184617200058     
   11.400000000000000        5.6019537899567257E-003  0.76391740944134878     
   11.450000000000001        5.5792105324163396E-003  0.76370390228944096     
   11.500000000000000        5.5565170691048073E-003  0.76349132207449089     
   11.550000000000001        5.5338736561249373E-003  0.76327966615035714     
   11.600000000000001        5.5112805463011158E-003  0.76306893186665614     
   11.650000000000000        5.4887379891778321E-003  0.76285911656887340     
   11.700000000000001        5.4662462309642479E-003  0.76265021759846807     
   11.750000000000000        5.4438055146767868E-003  0.76244223229300012     
   11.800000000000001        5.4214160799678250E-003  0.76223515798621921     
   11.850000000000001        5.3990781632886689E-003  0.76202899200819496     
   11.900000000000000        5.3767919977653154E-003  0.76182373168540951     
   11.950000000000001        5.3545578132662766E-003  0.76161937434087545     
   12.000000000000000        5.3323758364379930E-003  0.76141591729424862     
   12.050000000000001        5.3102462906180351E-003  0.76121335786192357     
   12.100000000000001        5.2881693959298910E-003  0.76101169335715457     
   12.150000000000000        5.2661453692456582E-003  0.76081092109015580     
   12.200000000000001        5.2441744241689663E-003  0.76061103836820665     
   12.250000000000000        5.2222567710854765E-003  0.76041204249576400     
   12.300000000000001        5.2003926171730981E-003  0.76021393077456800     
   12.350000000000001        5.1785821663380451E-003  0.76001670050373937     
   12.400000000000000        5.1568256193085015E-003  0.75982034897989592     
   12.450000000000001        5.1351231735901016E-003  0.75962487349725005     
   12.500000000000000        5.1134750234796836E-003  0.75943027134771379     
   12.550000000000001        5.0918813600892244E-003  0.75923653982100581     
   12.600000000000001        5.0703423713167215E-003  0.75904367620474833     
   12.650000000000000        5.0488582419204496E-003  0.75885167778457974     
   12.700000000000001        5.0274291534658615E-003  0.75866054184424814     
   12.750000000000000        5.0060552843525820E-003  0.75847026566571563     
   12.800000000000001        4.9847368098116483E-003  0.75828084652925898     
   12.850000000000001        4.9634739019465100E-003  0.75809228171357301     
   12.900000000000000        4.9422667297042144E-003  0.75790456849586763     
   12.950000000000001        4.9211154589500119E-003  0.75771770415197437     
   13.000000000000000        4.9000202523690438E-003  0.75753168595643250     
   13.050000000000001        4.8789812695918325E-003  0.75734651118260232     
   13.100000000000001        4.8579986671069501E-003  0.75716217710275036     
   13.150000000000000        4.8370725983428410E-003  0.75697868098815690     
   13.200000000000001        4.8162032136184222E-003  0.75679602010920510     
   13.250000000000000        4.7953906602164198E-003  0.75661419173548516     
   13.300000000000001        4.7746350823360687E-003  0.75643319313588275     
   13.350000000000001        4.7539366211608505E-003  0.75625302157868191     
   13.400000000000000        4.7332954148051826E-003  0.75607367433165096     
   13.450000000000001        4.7127115983745561E-003  0.75589514866214391     
   13.500000000000000        4.6921853039756543E-003  0.75571744183719280     
   13.550000000000001        4.6717166606675721E-003  0.75554055112359397     
   13.600000000000001        4.6513057945944368E-003  0.75536447378801530     
   13.650000000000000        4.6309528288572500E-003  0.75518920709706994     
   13.700000000000001        4.6106578836456824E-003  0.75501474831742366     
   13.750000000000000        4.5904210761677959E-003  0.75484109471587368     
   13.800000000000001        4.5702425207020652E-003  0.75466824355944506     
   13.850000000000001        4.5501223285816681E-003  0.75449619211547636     
   13.900000000000000        4.5300606082312959E-003  0.75432493765171083     
   13.950000000000001        4.5100574652266788E-003  0.75415447743639119     
   14.000000000000000        4.4901130021887210E-003  0.75398480873833240     
   14.050000000000001        4.4702273189045610E-003  0.75381592882702098     
   14.100000000000001        4.4504005123052800E-003  0.75364783497269883     
   14.150000000000000        4.4306326764588372E-003  0.75348052444644487     
   14.200000000000001        4.4109239025997985E-003  0.75331399452026315     
   14.250000000000000        4.3912742791385219E-003  0.75314824246716716     
   14.300000000000001        4.3716838917352459E-003  0.75298326556126982     
   14.350000000000001        4.3521528232053248E-003  0.75281906107785446     
   14.400000000000000        4.3326811536112510E-003  0.75265562629346716     
   14.450000000000001        4.3132689602547528E-003  0.75249295848599540     
   14.500000000000000        4.2939163176963112E-003  0.75233105493475072     
   14.550000000000001        4.2746232977681963E-003  0.75216991292054869     
   14.600000000000001        4.2553899696054810E-003  0.75200952972579183     
   14.650000000000000        4.2362163995977361E-003  0.75184990263454066     
   14.700000000000001        4.2171026514772987E-003  0.75169102893260253     
   14.750000000000000        4.1980487863300733E-003  0.75153290590760824     
   14.800000000000001        4.1790548625532673E-003  0.75137553084908371     
   14.850000000000001        4.1601209359336342E-003  0.75121890104853362     
   14.900000000000000        4.1412470596192286E-003  0.75106301379951323     
   14.950000000000001        4.1224332841769216E-003  0.75090786639770868     
   15.000000000000000        4.1036796575575733E-003  0.75075345614100597     
   15.050000000000001        4.0849862251447376E-003  0.75059978032957009     
   15.100000000000001        4.0663530297897332E-003  0.75044683626592013     
   15.150000000000000        4.0477801117634726E-003  0.75029462125499435     
   15.200000000000001        4.0292675088530357E-003  0.75014313260423449     
   15.250000000000000        4.0108152563039122E-003  0.74999236762364585     
   15.300000000000001        3.9924233869099773E-003  0.74984232362587988     
   15.350000000000001        3.9740919309537003E-003  0.74969299792629318     
   15.400000000000000        3.9558209162488525E-003  0.74954438784302257     
   15.450000000000001        3.9376103682209635E-003  0.74939649069706160     
   15.500000000000000        3.9194603098498086E-003  0.74924930381231880     
   15.550000000000001        3.9013707616591276E-003  0.74910282451568400     
   15.600000000000001        3.8833417418599222E-003  0.74895705013711011     
   15.650000000000000        3.8653732662445005E-003  0.74881197800966515     
   15.700000000000001        3.8474653482755395E-003  0.74866760546960687     
   15.750000000000000        3.8296179990462190E-003  0.74852392985644101     
   15.800000000000001        3.8118312273359625E-003  0.74838094851299053     
   15.850000000000001        3.7941050396402493E-003  0.74823865878546247     
   15.900000000000000        3.7764394401560691E-003  0.74809705802350590     
   15.950000000000001        3.7588344307799590E-003  0.74795614358027296     
   16.000000000000000        3.7412900112251185E-003  0.74781591281249349     
   16.050000000000001        3.7238061789033761E-003  0.74767636308051955     
   16.100000000000001        3.7063829290394043E-003  0.74753749174839756     
   16.150000000000002        3.6890202546583681E-003  0.74739929618392631     
   16.199999999999999        3.6717181465975419E-003  0.74726177375871394     
   16.250000000000000        3.6544765935355183E-003  0.74712492184823964     
   16.300000000000001        3.6372955819979785E-003  0.74698873783190955     
   16.350000000000001        3.6201750963701373E-003  0.74685321909311431     
   16.400000000000002        3.6031151189534825E-003  0.74671836301929073     
   16.449999999999999        3.5861156299651590E-003  0.74658416700197483     
   16.500000000000000        3.5691766074838331E-003  0.74645062843685017     
   16.550000000000001        3.5522980275698702E-003  0.74631774472381485     
   16.600000000000001        3.5354798642542522E-003  0.74618551326703220     
   16.650000000000002        3.5187220895561929E-003  0.74605393147498411     
   16.699999999999999        3.5020246734297458E-003  0.74592299676051654     
   16.750000000000000        3.4853875838926469E-003  0.74579270654090457     
   16.800000000000001        3.4688107869682416E-003  0.74566305823789636     
   16.850000000000001        3.4522942467592244E-003  0.74553404927776890     
   16.900000000000002        3.4358379254043336E-003  0.74540567709137318     
   16.949999999999999        3.4194417831322006E-003  0.74527793911418783     
   17.000000000000000        3.4031057782938751E-003  0.74515083278637029     
   17.050000000000001        3.3868298673311930E-003  0.74502435555279922     
   17.100000000000001        3.3706140048345243E-003  0.74489850486312792     
   17.150000000000002        3.3544581435650000E-003  0.74477327817183236     
   17.199999999999999        3.3383622344199085E-003  0.74464867293825099     
   17.250000000000000        3.3223262265319269E-003  0.74452468662664184     
   17.300000000000001        3.3063500672260823E-003  0.74440131670622001     
   17.350000000000001        3.2904337020236525E-003  0.74427856065120124     
   17.400000000000002        3.2745770747325265E-003  0.74415641594085535     
   17.449999999999999        3.2587801273951523E-003  0.74403488005954110     
   17.500000000000000        3.2430428003649208E-003  0.74391395049675735     
   17.550000000000001        3.2273650322561286E-003  0.74379362474717592     
   17.600000000000001        3.2117467600082631E-003  0.74367390031069103     
   17.650000000000002        3.1961879189055333E-003  0.74355477469245945     
   17.699999999999999        3.1806884425673817E-003  0.74343624540293907     
   17.750000000000000        3.1652482630011376E-003  0.74331830995793280     
   17.800000000000001        3.1498673105766046E-003  0.74320096587862294     
   17.850000000000001        3.1345455140911120E-003  0.74308421069161557     
   17.900000000000002        3.1192828007263855E-003  0.74296804192897314     
   17.949999999999999        3.1040790961169378E-003  0.74285245712825698     
   18.000000000000000        3.0889343243516824E-003  0.74273745383256318     
   18.050000000000001        3.0738484080188224E-003  0.74262302959056326     
   18.100000000000001        3.0588212681749629E-003  0.74250918195653248     
   18.150000000000002        3.0438528243766417E-003  0.74239590849038917     
   18.199999999999999        3.0289429946873479E-003  0.74228320675772741     
   18.250000000000000        3.0140916957645909E-003  0.74217107432986062     
   18.300000000000001        2.9992988427782301E-003  0.74205950878384241     
   18.350000000000001        2.9845643494866279E-003  0.74194850770250731     
   18.400000000000002        2.9698881282483780E-003  0.74183806867450386     
   18.449999999999999        2.9552700900284685E-003  0.74172818929432394     
   18.500000000000000        2.9407101443989290E-003  0.74161886716233305     
   18.550000000000001        2.9262081996081248E-003  0.74151009988480820     
   18.600000000000001        2.9117641625290192E-003  0.74140188507395910     
   18.650000000000002        2.8973779387326741E-003  0.74129422034796577     
   18.699999999999999        2.8830494324798891E-003  0.74118710333100468     
   18.750000000000000        2.8687785467307590E-003  0.74108053165327625     
   18.800000000000001        2.8545651831989173E-003  0.74097450295103873     
   18.850000000000001        2.8404092423102022E-003  0.74086901486662782     
   18.900000000000002        2.8263106232708029E-003  0.74076406504849079     
   18.949999999999999        2.8122692240396267E-003  0.74065965115120835     
   19.000000000000000        2.7982849413932887E-003  0.74055577083552582     
   19.050000000000001        2.7843576709059800E-003  0.74045242176837467     
   19.100000000000001        2.7704873069571531E-003  0.74034960162289720     
   19.150000000000002        2.7566737427979415E-003  0.74024730807847661     
   19.200000000000003        2.7429168705203964E-003  0.74014553882075629     
   19.250000000000000        2.7292165810883467E-003  0.74004429154166351     
   19.300000000000001        2.7155727643544893E-003  0.73994356393943517     
   19.350000000000001        2.7019853090627004E-003  0.73984335371863652     
   19.400000000000002        2.6884541029307193E-003  0.73974365859019287     
   19.450000000000003        2.6749790325369914E-003  0.73964447627139451     
   19.500000000000000        2.6615599834665408E-003  0.73954580448593443     
   19.550000000000001        2.6481968402414552E-003  0.73944764096391835     
   19.600000000000001        2.6348894863816633E-003  0.73934998344189007     
   19.650000000000002        2.6216378043876489E-003  0.73925282966284811     
   19.700000000000003        2.6084416758149669E-003  0.73915617737627071     
   19.750000000000000        2.5953009811867894E-003  0.73906002433812301     
   19.800000000000001        2.5822156001047928E-003  0.73896436831088641     
   19.850000000000001        2.5691854112221938E-003  0.73886920706357218     
   19.900000000000002        2.5562102922678746E-003  0.73877453837173879     
   19.950000000000003        2.5432901200693773E-003  0.73868036001750981     
   20.000000000000000        2.5304247705233373E-003  0.73858666978958554     
   20.050000000000001        2.5176141186840722E-003  0.73849346548326777     
   20.100000000000001        2.5048580387208642E-003  0.73840074490046692     
   20.150000000000002        2.4921564039373295E-003  0.73830850584972019     
   20.200000000000003        2.4795090868210629E-003  0.73821674614620791     
   20.250000000000000        2.4669159590341994E-003  0.73812546361176590     
   20.300000000000001        2.4543768913940739E-003  0.73803465607489505     
   20.350000000000001        2.4418917539699506E-003  0.73794432137078469     
   20.400000000000002        2.4294604160136671E-003  0.73785445734131494     
   20.450000000000003        2.4170827460458185E-003  0.73776506183507795     
   20.500000000000000        2.4047586117896800E-003  0.73767613270737964     
   20.550000000000001        2.3924878802698683E-003  0.73758766782026242     
   20.600000000000001        2.3802704177634687E-003  0.73749966504250808     
   20.650000000000002        2.3681060898439496E-003  0.73741212224965236     
   20.700000000000003        2.3559947613855858E-003  0.73732503732399368     
   20.750000000000000        2.3439362965683233E-003  0.73723840815460273     
   20.800000000000001        2.3319305589038948E-003  0.73715223263733265     
   20.850000000000001        2.3199774112733856E-003  0.73706650867483192     
   20.900000000000002        2.3080767158763283E-003  0.73698123417654382     
   20.950000000000003        2.2962283342940364E-003  0.73689640705872239     
   21.000000000000000        2.2844321275002554E-003  0.73681202524443890     
   21.050000000000001        2.2726879558392192E-003  0.73672808666358558     
   21.100000000000001        2.2609956790939694E-003  0.73664458925288934     
   21.150000000000002        2.2493551564666437E-003  0.73656153095591359     
   21.200000000000003        2.2377662465600055E-003  0.73647890972306251     
   21.250000000000000        2.2262288074516969E-003  0.73639672351159302     
   21.300000000000001        2.2147426966712433E-003  0.73631497028561688     
   21.350000000000001        2.2033077712117310E-003  0.73623364801610491     
   21.400000000000002        2.1919238875621979E-003  0.73615275468089547     
   21.450000000000003        2.1805909017134587E-003  0.73607228826469684     
   21.500000000000000        2.1693086691494255E-003  0.73599224675908925     
   21.550000000000001        2.1580770448672831E-003  0.73591262816253022     
   21.600000000000001        2.1468958834321744E-003  0.73583343048036209     
   21.650000000000002        2.1357650389125134E-003  0.73575465172480670     
   21.700000000000003        2.1246843649675735E-003  0.73567628991497613     
   21.750000000000000        2.1136537147931540E-003  0.73559834307686844     
   21.800000000000001        2.1026729412062686E-003  0.73552080924337693     
   21.850000000000001        2.0917418965757154E-003  0.73544368645428382     
   21.900000000000002        2.0808604328889390E-003  0.73536697275626595     
   21.950000000000003        2.0700284017556073E-003  0.73529066620289718     
   22.000000000000000        2.0592456544067904E-003  0.73521476485464599     
   22.050000000000001        2.0485120417065485E-003  0.73513926677887620     
   22.100000000000001        2.0378274141720806E-003  0.73506417004984825     
   22.150000000000002        2.0271916219898852E-003  0.73498947274871962     
   22.200000000000003        2.0166045150007712E-003  0.73491517296354036     
   22.250000000000000        2.0060659427328588E-003  0.73484126878925571     
   22.300000000000001        1.9955757544207263E-003  0.73476775832770469     
   22.350000000000001        1.9851337989826722E-003  0.73469463968761584     
   22.400000000000002        1.9747399250637666E-003  0.73462191098460794     
   22.450000000000003        1.9643939810357965E-003  0.73454957034118740     
   22.500000000000000        1.9540958149925811E-003  0.73447761588674365     
   22.550000000000001        1.9438452747887315E-003  0.73440604575754942     
   22.600000000000001        1.9336422080433872E-003  0.73433485809675747     
   22.650000000000002        1.9234864621126037E-003  0.73426405105439174     
   22.700000000000003        1.9133778841531864E-003  0.73419362278735134     
   22.750000000000000        1.9033163211214568E-003  0.73412357145940377     
   22.800000000000001        1.8933016197387035E-003  0.73405389524117681     
   22.850000000000001        1.8833336265542265E-003  0.73398459231015867     
   22.900000000000002        1.8734121879300544E-003  0.73391566085069182     
   22.950000000000003        1.8635371500650769E-003  0.73384709905396839     
   23.000000000000000        1.8537083589744237E-003  0.73377890511802135     
   23.050000000000001        1.8439256605492507E-003  0.73371107724772577     
   23.100000000000001        1.8341889005155777E-003  0.73364361365478536     
   23.150000000000002        1.8244979244737061E-003  0.73357651255773049     
   23.200000000000003        1.8148525778980691E-003  0.73350977218191105     
   23.250000000000000        1.8052527061541348E-003  0.73344339075949005     
   23.300000000000001        1.7956981545030832E-003  0.73337736652943586     
   23.350000000000001        1.7861887681050409E-003  0.73331169773751459     
   23.400000000000002        1.7767243920385873E-003  0.73324638263628383     
   23.450000000000003        1.7673048713059167E-003  0.73318141948508420     
   23.500000000000000        1.7579300508359988E-003  0.73311680655003020     
   23.550000000000001        1.7485997755132877E-003  0.73305254210400517     
   23.600000000000001        1.7393138901523088E-003  0.73298862442664769     
   23.650000000000002        1.7300722395403615E-003  0.73292505180434764     
   23.700000000000003        1.7208746684350639E-003  0.73286182253023480     
   23.750000000000000        1.7117210215659520E-003  0.73279893490416981     
   23.800000000000001        1.7026111436555414E-003  0.73273638723273515     
   23.850000000000001        1.6935448794261510E-003  0.73267417782922528     
   23.900000000000002        1.6845220735912851E-003  0.73261230501363495     
   23.950000000000003        1.6755425708788263E-003  0.73255076711264977     
   24.000000000000000        1.6666062160533388E-003  0.73248956245963881     
   24.050000000000001        1.6577128539013045E-003  0.73242868939463901     
   24.100000000000001        1.6488623292583166E-003  0.73236814626434787     
   24.150000000000002        1.6400544869901897E-003  0.73230793142210870     
   24.200000000000003        1.6312891720218026E-003  0.73224804322790094     
   24.250000000000000        1.6225662293622436E-003  0.73218848004833070     
   24.300000000000001        1.6138855040771492E-003  0.73212924025661519     
   24.350000000000001        1.6052468413305964E-003  0.73207032223257251     
   24.400000000000002        1.5966500863560382E-003  0.73201172436260731     
   24.450000000000003        1.5880950845111688E-003  0.73195344503970128     
   24.500000000000000        1.5795816812618543E-003  0.73189548266339910     
   24.550000000000001        1.5711097221570210E-003  0.73183783563978944     
   24.600000000000001        1.5626790529085894E-003  0.73178050238150183     
   24.650000000000002        1.5542895193363996E-003  0.73172348130768483     
   24.700000000000003        1.5459409674396588E-003  0.73166677084399878     
   24.750000000000000        1.5376332433353975E-003  0.73161036942259416     
   24.800000000000001        1.5293661933130122E-003  0.73155427548210250     
   24.850000000000001        1.5211396638254708E-003  0.73149848746761970     
   24.900000000000002        1.5129535015152198E-003  0.73144300383069316     
   24.950000000000003        1.5048075532059131E-003  0.73138782302930438     
   25.000000000000000        1.4967016659112164E-003  0.73133294352785416     
   25.050000000000001        1.4886356868556204E-003  0.73127836379714783     
   25.100000000000001        1.4806094634652329E-003  0.73122408231437774     
   25.150000000000002        1.4726228434088675E-003  0.73117009756311069     
   25.200000000000003        1.4646756745669326E-003  0.73111640803326639     
   25.250000000000000        1.4567678050832410E-003  0.73106301222110670     
   25.300000000000001        1.4488990833190980E-003  0.73100990862921156     
   25.350000000000001        1.4410693579138554E-003  0.73095709576646795     
   25.400000000000002        1.4332784777677018E-003  0.73090457214804982     
   25.450000000000003        1.4255262920649964E-003  0.73085233629540158     
   25.500000000000000        1.4178126502914108E-003  0.73080038673622061     
   25.550000000000001        1.4101374021882368E-003  0.73074872200443297     
   25.600000000000001        1.4025003978502201E-003  0.73069734064018510     
   25.650000000000002        1.3949014876529296E-003  0.73064624118981514     
   25.700000000000003        1.3873405223150273E-003  0.73059542220583940     
   25.750000000000000        1.3798173528866973E-003  0.73054488224693193     
   25.800000000000001        1.3723318307759555E-003  0.73049461987790432     
   25.850000000000001        1.3648838077431784E-003  0.73044463366968548     
   25.900000000000002        1.3574731359104501E-003  0.73039492219929980     
   25.950000000000003        1.3500996677757288E-003  0.73034548404984756     
   26.000000000000000        1.3427632562546218E-003  0.73029631781048687     
   26.050000000000001        1.3354637546430768E-003  0.73024742207640714     
   26.100000000000001        1.3282010166574454E-003  0.73019879544880906     
   26.150000000000002        1.3209748964580254E-003  0.73015043653488587     
   26.200000000000003        1.3137852486043815E-003  0.73010234394779172     
   26.250000000000000        1.3066319281351622E-003  0.73005451630662876     
   26.300000000000001        1.2995147905622761E-003  0.73000695223642009     
   26.350000000000001        1.2924336918602292E-003  0.72995965036808375     
   26.400000000000002        1.2853884885037498E-003  0.72991260933841051     
   26.450000000000003        1.2783790374490593E-003  0.72986582779003650     
   26.500000000000000        1.2714051962125585E-003  0.72981930437142484     
   26.550000000000001        1.2644668228109586E-003  0.72977303773683155     
   26.600000000000001        1.2575637758325206E-003  0.72972702654628607     
   26.650000000000002        1.2506959144201403E-003  0.72968126946555978     
   26.700000000000003        1.2438630983104878E-003  0.72963576516614348     
   26.750000000000000        1.2370651878219690E-003  0.72959051232521455     
   26.800000000000001        1.2303020439038974E-003  0.72954550962561338     
   26.850000000000001        1.2235735281377889E-003  0.72950075575581241     
   26.900000000000002        1.2168795027490463E-003  0.72945624940988563     
   26.950000000000003        1.2102198306463675E-003  0.72941198928748130     
   27.000000000000000        1.2035943754103893E-003  0.72936797409378762     
   27.050000000000001        1.1970030013612406E-003  0.72932420253950658     
   27.100000000000001        1.1904455735368290E-003  0.72928067334081692     
   27.150000000000002        1.1839219577224494E-003  0.72923738521934200     
   27.200000000000003        1.1774320204941933E-003  0.72919433690211954     
   27.250000000000000        1.1709756292251914E-003  0.72915152712156406     
   27.300000000000001        1.1645526521046397E-003  0.72910895461543190     
   27.350000000000001        1.1581629581943810E-003  0.72906661812678841     
   27.400000000000002        1.1518064174154928E-003  0.72902451640396682     
   27.450000000000003        1.1454829006014207E-003  0.72898264820053238     
   27.500000000000000        1.1391922795323662E-003  0.72894101227524577     
   27.550000000000001        1.1329344269209931E-003  0.72889960739201620     
   27.600000000000001        1.1267092164978681E-003  0.72885843231986902     
   27.650000000000002        1.1205165230181767E-003  0.72881748583289918     
   27.700000000000003        1.1143562222928180E-003  0.72877676671022862     
   27.750000000000000        1.1082281912240869E-003  0.72873627373596139     
   27.800000000000001        1.1021323078556386E-003  0.72869600569914084     
   27.850000000000001        1.0960684513951677E-003  0.72865596139369992     
   27.900000000000002        1.0900365022584102E-003  0.72861613961841376     
   27.950000000000003        1.0840363421162995E-003  0.72857653917685106     
   28.000000000000000        1.0780678539214271E-003  0.72853715887732073     
   28.050000000000001        1.0721309219770628E-003  0.72849799753282274     
   28.100000000000001        1.0662254319626315E-003  0.72845905396099031     
   28.150000000000002        1.0603512709977596E-003  0.72842032698403669     
   28.200000000000003        1.0545083276770899E-003  0.72838181542869529     
   28.250000000000000        1.0486964921468894E-003  0.72834351812616216     
   28.300000000000001        1.0429156561413504E-003  0.72830543391203373     
   28.350000000000001        1.0371657130356714E-003  0.72826756162624140     
   28.400000000000002        1.0314465579303878E-003  0.72822990011298927     
   28.450000000000003        1.0257580876957887E-003  0.72819244822068463     
   28.500000000000000        1.0201002010528043E-003  0.72815520480186779     
   28.550000000000001        1.0144727986171641E-003  0.72811816871313939     
   28.600000000000001        1.0088757830002081E-003  0.72808133881508563     
   28.650000000000002        1.0033090588724722E-003  0.72804471397220205     
   28.700000000000003        9.9777253303775615E-004  0.72800829305281001     
   28.750000000000000        9.9226611452438791E-004  0.72797207492897598     
   28.800000000000001        9.8678971466976398E-004  0.72793605847642451     
   28.850000000000001        9.8134324720664467E-004  0.72790024257444763     
   28.900000000000002        9.7592662836580655E-004  0.72786462610581359     
   28.950000000000003        9.7053977696755841E-004  0.72782920795666939     
   29.000000000000000        9.6518261453991145E-004  0.72779398701644205     
   29.050000000000001        9.5985506539930535E-004  0.72775896217773217     
   29.100000000000001        9.5455705679046922E-004  0.72772413233620925     
   29.150000000000002        9.4928851899236325E-004  0.72768949639049740     
   29.200000000000003        9.4404938545298678E-004  0.72765505324206092     
   29.250000000000000        9.3883959291041371E-004  0.72762080179508204     
   29.300000000000001        9.3365908153757052E-004  0.72758674095633624     
   29.350000000000001        9.2850779507931149E-004  0.72755286963506061     
   29.400000000000002        9.2338568101010430E-004  0.72751918674281812     
   29.450000000000003        9.1829269067965520E-004  0.72748569119335604     
   29.500000000000000        9.1322877947537301E-004  0.72745238190245731     
   29.550000000000001        9.0819390702106856E-004  0.72741925778779049     
   29.600000000000001        9.0318803733271296E-004  0.72738631776874740     
   29.650000000000002        8.9821113901071418E-004  0.72735356076627633     
   29.700000000000003        8.9326318544178979E-004  0.72732098570270975     
   29.750000000000000        8.8834415501320280E-004  0.72728859150158376     
   29.800000000000001        8.8345403132052917E-004  0.72725637708744939     
   29.850000000000001        8.7859280340401886E-004  0.72722434138567560     
   29.900000000000002        8.7376046597679080E-004  0.72719248332224495     
   29.950000000000003        8.6895701968624076E-004  0.72716080182353970     
   30.000000000000000        8.6418247136928552E-004  0.72712929581611885     
   30.050000000000001        8.5943683434417479E-004  0.72709796422648698     
   30.100000000000001        8.5472012867820817E-004  0.72706680598084905     
   30.150000000000002        8.5003238148948672E-004  0.72703582000485656     
   30.200000000000003        8.4537362728796036E-004  0.72700500522334632     
   30.250000000000000        8.4074390829379599E-004  0.72697436056006159     
   30.300000000000001        8.3614327476724283E-004  0.72694388493736117     
   30.350000000000001        8.3157178541375088E-004  0.72691357727592310     
   30.400000000000002        8.2702950773304426E-004  0.72688343649442466     
   30.450000000000003        8.2251651845029943E-004  0.72685346150921681     
   30.500000000000000        8.1803290391128914E-004  0.72682365123397696     
   30.550000000000001        8.1357876054005663E-004  0.72679400457935028     
   30.600000000000001        8.0915419530215539E-004  0.72676452045257423     
   30.650000000000002        8.0475932616996761E-004  0.72673519775708251     
   30.700000000000003        8.0039428267501508E-004  0.72670603539209822     
   30.750000000000000        7.9605920640401422E-004  0.72667703225219937     
   30.800000000000001        7.9175425158044873E-004  0.72664818722687119     
   30.850000000000001        7.8747958563999635E-004  0.72661949920003355     
   30.900000000000002        7.8323538986604902E-004  0.72659096704955073     
   30.950000000000003        7.7902186002517648E-004  0.72656258964671350     
   31.000000000000000        7.7483920704836341E-004  0.72653436585570119     
   31.050000000000001        7.7068765774942843E-004  0.72650629453301618     
   31.100000000000001        7.6656745556778771E-004  0.72647837452689323     
   31.150000000000002        7.6247886134732325E-004  0.72645060467667910     
   31.200000000000003        7.5842215417326934E-004  0.72642298381218673     
   31.250000000000000        7.5439763224838567E-004  0.72639551075301767     
   31.300000000000001        7.5040561375212583E-004  0.72636818430784633     
   31.350000000000001        7.4644643785026592E-004  0.72634100327368345     
   31.400000000000002        7.4252046566139181E-004  0.72631396643509094     
   31.450000000000003        7.3862808128774700E-004  0.72628707256336544     
   31.500000000000000        7.3476969297397272E-004  0.72626032041568966     
   31.550000000000001        7.3094573420005827E-004  0.72623370873422866     
   31.600000000000001        7.2715666492543770E-004  0.72620723624519479     
   31.650000000000002        7.2340297287100961E-004  0.72618090165786675     
   31.700000000000003        7.1968517482565685E-004  0.72615470366355328     
   31.750000000000000        7.1600381805456484E-004  0.72612864093451579     
   31.800000000000001        7.1235948178071165E-004  0.72610271212283628     
   31.850000000000001        7.0875277872798476E-004  0.72607691585923140     
   31.900000000000002        7.0518435673659076E-004  0.72605125075180654     
   31.950000000000003        7.0165490045333051E-004  0.72602571538475280     
   32.000000000000000        6.9816513315631165E-004  0.72600030831698259     
   32.050000000000004        6.9471581858718007E-004  0.72597502808069214     
   32.100000000000001        6.9130776294134427E-004  0.72594987317986115     
   32.149999999999999        6.8794181692993783E-004  0.72592484208867658     
   32.200000000000003        6.8461887796317841E-004  0.72589993324988200     
   32.250000000000000        6.8133989240877165E-004  0.72587514507304174     
   32.300000000000004        6.7810585800638450E-004  0.72585047593272745     
   32.350000000000001        6.7491782636437507E-004  0.72582592416660840     
   32.399999999999999        6.7177690560987606E-004  0.72580148807345568     
   32.450000000000003        6.6868426314550789E-004  0.72577716591104235     
   32.500000000000000        6.6564112859772656E-004  0.72575295589394884     
   32.550000000000004        6.6264879681325866E-004  0.72572885619124794     
   32.600000000000001        6.5970863112700369E-004  0.72570486492409148     
   32.649999999999999        6.5682206669179764E-004  0.72568098016316607     
   32.700000000000003        6.5399061405801452E-004  0.72565719992603184     
   32.750000000000000        6.5121586286508019E-004  0.72563352217432386     
   32.800000000000004        6.4849948574853891E-004  0.72560994481081842     
   32.850000000000001        6.4584324245963777E-004  0.72558646567635676     
   32.899999999999999        6.4324898416409713E-004  0.72556308254661284     
   32.950000000000003        6.4071865799658243E-004  0.72553979312870553     
   33.000000000000000        6.3825431177188521E-004  0.72551659505763544     
   33.050000000000004        6.3585809902819081E-004  0.72549348589255647     
   33.100000000000001        6.3353228423692980E-004  0.72547046311285046     
   33.149999999999999        6.3127924837156333E-004  0.72544752411401958     
   33.200000000000003        6.2910149465213660E-004  0.72542466620336188     
   33.250000000000000        6.2700165466345016E-004  0.72540188659544047     
   33.300000000000004        6.2498249473851226E-004  0.72537918240732435     
   33.350000000000001        6.2304692272118617E-004  0.72535655065359572     
   33.399999999999999        6.2119799497956302E-004  0.72533398824109896     
   33.450000000000003        6.1943892385186202E-004  0.72531149196343647     
   33.500000000000000        6.1777308545159823E-004  0.72528905849518777     
   33.550000000000004        6.1620402786476277E-004  0.72526668438583752     
   33.600000000000001        6.1473547978330612E-004  0.72524436605340370     
   33.649999999999999        6.1337135951266284E-004  0.72522209977773733     
   33.700000000000003        6.1211578456174716E-004  0.72519988169350280     
   33.750000000000000        6.1097308158279782E-004  0.72517770778278723     
   33.800000000000004        6.0994779691882011E-004  0.72515557386735352     
   33.850000000000001        6.0904470764001754E-004  0.72513347560049635     
   33.899999999999999        6.0826883319390550E-004  0.72511140845849442     
   33.950000000000003        6.0762544757698371E-004  0.72508936773162558     
   34.000000000000000        6.0712009220254709E-004  0.72506734851473631     
   34.050000000000004        6.0675858938840396E-004  0.72504534569733170     
   34.100000000000001        6.0654705654233790E-004  0.72502335395316753     
   34.149999999999999        6.0649192110654338E-004  0.72500136772931878     
   34.200000000000003        6.0659993619235485E-004  0.72497938123468764     
   34.250000000000000        6.0687819715103740E-004  0.72495738842794744     
   34.300000000000004        6.0733415883888005E-004  0.72493538300485449     
   34.350000000000001        6.0797565389040435E-004  0.72491335838493642     
   34.399999999999999        6.0881091190189709E-004  0.72489130769749766     
   34.450000000000003        6.0984857958170584E-004  0.72486922376691543     
   34.500000000000000        6.1109774194947365E-004  0.72484709909718947     
   34.550000000000004        6.1256794469377086E-004  0.72482492585571467     
   34.600000000000001        6.1426921756212193E-004  0.72480269585621360     
   34.649999999999999        6.1621209908841964E-004  0.72478040054081738     
   34.700000000000003        6.1840766253658990E-004  0.72475803096122526     
   34.750000000000000        6.2086754318277663E-004  0.72473557775890318     
   34.800000000000004        6.2360396706855677E-004  0.72471303114428076     
   34.850000000000001        6.2662978117641248E-004  0.72469038087487636     
   34.899999999999999        6.2995848526585995E-004  0.72466761623231735     
   34.950000000000003        6.3360426529791131E-004  0.72464472599817653     
   35.000000000000000        6.3758202857874791E-004  0.72462169842857049     
   35.050000000000004        6.4190744087123702E-004  0.72459852122747281     
   35.100000000000001        6.4659696531367994E-004  0.72457518151864431     
   35.149999999999999        6.5166790344575124E-004  0.72455166581613351     
   35.200000000000003        6.5713843831687155E-004  0.72452795999325359     
   35.250000000000000        6.6302767997096837E-004  0.72450404924998102     
   35.300000000000004        6.6935571320520329E-004  0.72447991807866385     
   35.350000000000001        6.7614364787958920E-004  0.72445555022797181     
   35.399999999999999        6.8341367195924770E-004  0.72443092866499759     
   35.450000000000003        6.9118910719489547E-004  0.72440603553538852     
   35.500000000000000        6.9949446790069231E-004  0.72438085212143866     
   35.550000000000004        7.0835552273336953E-004  0.72435535879800483     
   35.600000000000001        7.1779935978912306E-004  0.72432953498615082     
   35.649999999999999        7.2785445517185962E-004  0.72430335910439425     
   35.700000000000003        7.3855074514890973E-004  0.72427680851742426     
   35.750000000000000        7.4991970220708701E-004  0.72424985948216791     
   35.800000000000004        7.6199441513419210E-004  0.72422248709105497     
   35.850000000000001        7.7480967337032088E-004  0.72419466521233633     
   35.899999999999999        7.8840205584407828E-004  0.72416636642729693     
   35.950000000000003        8.0281002473065453E-004  0.72413756196422097     
   36.000000000000000        8.1807402395614351E-004  0.72410822162888122     
   36.050000000000004        8.3423658332260997E-004  0.72407831373144471     
   36.100000000000001        8.5134242793662683E-004  0.72404780500952226     
   36.149999999999999        8.6943859382419711E-004  0.72401666054723368     
   36.200000000000003        8.8857454965073188E-004  0.72398484369001526     
   36.250000000000000        9.0880232497548142E-004  0.72395231595495801     
   36.300000000000004        9.3017664578642261E-004  0.72391903693648019     
   36.350000000000001        9.5275507700663502E-004  0.72388496420699411     
   36.399999999999999        9.7659817311549824E-004  0.72385005321239193     
   36.450000000000003        1.0017696368410426E-003  0.72381425716200465     
   36.500000000000000        1.0283364866459374E-003  0.72377752691277020     
   36.550000000000004        1.0563692334168804E-003  0.72373981084728267     
   36.600000000000001        1.0859420669139665E-003  0.72370105474539381     
   36.649999999999999        1.1171330525740399E-003  0.72366120164901970     
   36.700000000000003        1.1500243390742066E-003  0.72362019171975700     
   36.750000000000000        1.1847023778070705E-003  0.72357796208898073     
   36.800000000000004        1.2212581541891487E-003  0.72353444669991041     
   36.850000000000001        1.2597874323889949E-003  0.72348957614131937     
   36.899999999999999        1.3003910134531873E-003  0.72344327747232129     
   36.950000000000003        1.3431750080921843E-003  0.72339547403779714     
   37.000000000000000        1.3882511252766082E-003  0.72334608527398014     
   37.050000000000004        1.4357369766641048E-003  0.72329502650353172     
   37.100000000000001        1.4857563988869467E-003  0.72324220871966183     
   37.149999999999999        1.5384397941690187E-003  0.72318753835859306     
   37.200000000000003        1.5939244904893436E-003  0.72313091705973842     
   37.250000000000000        1.6523551225653679E-003  0.72307224141290150     
   37.300000000000004        1.7138840354028776E-003  0.72301140269181718     
   37.350000000000001        1.7786717105593851E-003  0.72294828657311772     
   37.399999999999999        1.8468872184346516E-003  0.72288277284010893     
   37.450000000000003        1.9187086961673498E-003  0.72281473507024840     
   37.500000000000000        1.9943238549143881E-003  0.72274404030564621     
   37.550000000000004        2.0739305163873047E-003  0.72267054870536351     
   37.600000000000001        2.1577371823078761E-003  0.72259411317867661     
   37.649999999999999        2.2459636376468317E-003  0.72251457899804150     
   37.700000000000003        2.3388415906834144E-003  0.72243178339067438     
   37.750000000000000        2.4366153520181334E-003  0.72234555510745735     
   37.800000000000004        2.5395425552020810E-003  0.72225571396784027     
   37.850000000000001        2.6478949220309885E-003  0.72216207037935010     
   37.899999999999999        2.7619590750780757E-003  0.72206442483013922     
   37.950000000000003        2.8820374015810662E-003  0.72196256735306308     
   38.000000000000000        3.0084489710842949E-003  0.72185627695944610     
   38.050000000000004        3.1415305120365503E-003  0.72174532104086775     
   38.100000000000001        3.2816374505477020E-003  0.72162945473691098     
   38.149999999999999        3.4291450158312232E-003  0.72150842026680906     
   38.200000000000003        3.5844494180382177E-003  0.72138194622287166     
   38.250000000000000        3.7479691026484690E-003  0.72124974682319321     
   38.300000000000004        3.9201460880661336E-003  0.72111152112123611     
   38.350000000000001        4.1014473922316138E-003  0.72096695216952911     
   38.400000000000006        4.2923665549291119E-003  0.72081570613458901     
   38.450000000000003        4.4934252633994313E-003  0.72065743136000904     
   38.500000000000000        4.7051750892904256E-003  0.72049175737439641     
   38.550000000000004        4.9281993454582430E-003  0.72031829384059420     
   38.600000000000001        5.1631150720006765E-003  0.72013662944236434     
   38.650000000000006        5.4105751627189971E-003  0.71994633070454706     
   38.700000000000003        5.6712706422062517E-003  0.71974694074216816     
   38.750000000000000        5.9459331075016964E-003  0.71953797793396868     
   38.800000000000004        6.2353373460195590E-003  0.71931893451506368     
   38.850000000000001        6.5403041464809587E-003  0.71908927508349296     
   38.900000000000006        6.8617033183857286E-003  0.71884843501469586     
   38.950000000000003        7.2004569379102833E-003  0.71859581877756429     
   39.000000000000000        7.5575428405584280E-003  0.71833079814531997     
   39.050000000000004        7.9339983822238423E-003  0.71805271029382323     
   39.100000000000001        8.3309244919467871E-003  0.71776085577927951     
   39.150000000000006        8.7494900447723876E-003  0.71745449638694736     
   39.200000000000003        9.1909365814701952E-003  0.71713285284124439     
   39.250000000000000        9.6565834105874059E-003  0.71679510236751398     
   39.300000000000004        1.0147833125797078E-002  0.71644037609416811     
   39.350000000000001        1.0666177580554272E-002  0.71606775628360386     
   39.400000000000006        1.1213204363508632E-002  0.71567627337889750     
   39.450000000000003        1.1790603824259126E-002  0.71526490285230993     
   39.500000000000000        1.2400176704100567E-002  0.71483256184032928     
   39.550000000000004        1.3043842432758570E-002  0.71437810554862058     
   39.600000000000001        1.3723648159372688E-002  0.71390032340878162     
   39.650000000000006        1.4441778595935652E-002  0.71339793496731840     
   39.700000000000003        1.5200566754589166E-002  0.71286958548476509     
   39.750000000000000        1.6002505680529924E-002  0.71231384122198482     
   39.800000000000004        1.6850261282240736E-002  0.71172918438702804     
   39.850000000000001        1.7746686385517487E-002  0.71111400771477751     
   39.900000000000006        1.8694836144008482E-002  0.71046660864774336     
   39.950000000000003        1.9697984963849405E-002  0.70978518308409533     
   40.000000000000000        2.0759645113948049E-002  0.70906781865491164     
   40.050000000000004        2.1883587221700772E-002  0.70831248748930331     
   40.100000000000001        2.3073862878717079E-002  0.70751703842158375     
   40.150000000000006        2.4334829608981683E-002  0.70667918858949619     
   40.200000000000003        2.5671178493355058E-002  0.70579651436783020     
   40.250000000000000        2.7087964781001509E-002  0.70486644157513723     
   40.300000000000004        2.8590641866146002E-002  0.70388623488449775     
   40.350000000000001        3.0185099067381101E-002  0.70285298636199189     
   40.400000000000006        3.1877703708202761E-002  0.70176360304745578     
   40.450000000000003        3.3675348075770217E-002  0.70061479348263911     
   40.500000000000000        3.5585501921354817E-002  0.69940305308053685     
   40.550000000000004        3.7616271272087158E-002  0.69812464821728792     
   40.600000000000001        3.9776464446130776E-002  0.69677559891370300     
   40.650000000000006        4.2075666310813976E-002  0.69535165995742587     
   40.700000000000003        4.4524321991029112E-002  0.69384830029761158     
   40.750000000000000        4.7133831445889673E-002  0.69226068052346490     
   40.800000000000004        4.9916656573704851E-002  0.69058362821327102     
   40.850000000000001        5.2886442798566753E-002  0.68881161091266563     
   40.900000000000006        5.6058157444736349E-002  0.68693870646879329     
   40.950000000000003        5.9448247630662747E-002  0.68495857040999908     
   41.000000000000000        6.3074820925258762E-002  0.68286440001739956     
   41.050000000000004        6.6957852636319912E-002  0.68064889468526257     
   41.100000000000001        7.1119424362597203E-002  0.67830421210918279     
   41.150000000000006        7.5583999370536739E-002  0.67582191977319261     
   41.200000000000003        8.0378741506813012E-002  0.67319294112836370     
   41.250000000000000        8.5533885776075472E-002  0.67040749576292247     
   41.300000000000004        9.1083170471373487E-002  0.66745503275487450     
   41.350000000000001        9.7064342942295365E-002  0.66432415626996899     
   41.400000000000006       0.10351975384270994       0.66100254231627054     
   41.450000000000003       0.11049705816947684       0.65747684538631623     
   41.500000000000000       0.11805004581365705       0.65373259350418111     
   41.550000000000004       0.12623962995997803       0.64975406993901086     
   41.600000000000001       0.13513502887542805       0.64552417954035712     
   41.650000000000006       0.14481518595502310       0.64102429728558896     
   41.700000000000003       0.15537048497005157       0.63623409618502647     
