   0.0000000000000000        2.1000000000000002E-009   5.0000000000000003E-002
   5.0999999999999996        1.8000000000000000E-009   5.2562418374735618     
   5.2000000000000002        1.7954145144769394E-009   5.8087943040732197     
   5.2999999999999998        1.7908332786258390E-009   6.4194325126437999     
   5.4000000000000004        1.7862562707061208E-009   7.0942624526322611     
   5.5000000000000000        1.7816834556529129E-009   7.8400319807607799     
   5.5999999999999996        1.7771149513551158E-009   8.6641982917410498     
   5.7000000000000002        1.7725505971396802E-009   9.5750024815647468     
   5.7999999999999998        1.7679904623340530E-009   10.581551948861765     
   5.9000000000000004        1.7634346416012088E-009   11.693911458189651     
   6.0000000000000000        1.7588830048852807E-009   12.923203775725053     
   6.0999999999999996        1.7543356562183406E-009   14.281720883537124     
   6.2000000000000002        1.7497925699207328E-009   15.783046884390853     
   6.2999999999999998        1.7452537051247893E-009   17.442193825913304     
   6.4000000000000004        1.7407191260110615E-009   19.275751802125274     
   6.5000000000000000        1.7361888192084962E-009   21.302054833087379     
   6.5999999999999996        1.7316627413792333E-009   23.541364181160414     
   6.7000000000000002        1.7271409493716637E-009   26.016070936710868     
   6.7999999999999998        1.7226234533393381E-009   28.750919898747817     
   6.9000000000000004        1.7181101570109889E-009   31.773256988883162     
   7.0000000000000000        1.7136011970572447E-009   35.113302672290395     
   7.0999999999999996        1.7090965514124956E-009   38.804454119351803     
   7.2000000000000002        1.7045961803923670E-009   42.883619129029228     
   7.3000000000000007        1.7001000442068991E-009   47.391585152540522     
   7.4000000000000004        1.6956082603690574E-009   52.373427106848730     
   7.5000000000000000        1.6911207570816933E-009   57.878958055282524     
   7.5999999999999996        1.6866374812014089E-009   63.963227261179526     
   7.7000000000000002        1.6821586307650418E-009   70.687070594064622     
   7.8000000000000007        1.6776840140581628E-009   78.117718791279032     
   7.9000000000000004        1.6732137154218397E-009   86.329469656392860     
   8.0000000000000000        1.6687477126124558E-009   95.404430914948733     
   8.0999999999999996        1.6642861014226059E-009   105.43334115448597     
   8.1999999999999993        1.6598287430096911E-009   116.51647705644602     
   8.3000000000000007        1.6553757299023738E-009   128.76465599026506     
   8.4000000000000004        1.6509270626376405E-009   142.30034399333988     
   8.5000000000000000        1.6464827074818177E-009   157.25888021414664     
   8.5999999999999996        1.6420426597753910E-009   173.78983006012456     
   8.6999999999999993        1.6376069994680885E-009   192.05848057864426     
   8.8000000000000007        1.6331756456785516E-009   212.24749302134620     
   8.9000000000000004        1.6287486530594530E-009   234.55872911354160     
   9.0000000000000000        1.6243260064918614E-009   259.21526928695886     
   9.1000000000000014        1.6199077016121853E-009   286.46364305322521     
   9.1999999999999993        1.6154937364694826E-009   316.57629381629766     
   9.3000000000000007        1.6110841713105330E-009   349.85430276580331     
   9.4000000000000004        1.6066789926493103E-009   386.63039908331552     
   9.5000000000000000        1.6022781477421491E-009   427.27228655592381     
   9.6000000000000014        1.5978816339573846E-009   472.18631985461036     
   9.6999999999999993        1.5934895368068174E-009   521.82156723058574     
   9.8000000000000007        1.5891018557274366E-009   576.67430024577698     
   9.9000000000000004        1.5847185602416530E-009   637.29295542274042     
   10.000000000000000        1.5803395416175899E-009   704.28361741706158     
   10.100000000000001        1.5759649660145839E-009   778.31607852893376     
   10.199999999999999        1.5715948106227823E-009   860.13053513224531     
   10.300000000000001        1.5672290207777927E-009   950.54498796673533     
   10.400000000000000        1.5628676503933760E-009   1050.4634202751597     
   10.500000000000000        1.5585106911609062E-009   1160.8848355434729     
   10.600000000000001        1.5541581085574450E-009   1282.9132451952728     
   10.699999999999999        1.5498099593062282E-009   1417.7687060882545     
   10.800000000000001        1.5454662214899022E-009   1566.7995181550748     
   10.900000000000000        1.5411268906177824E-009   1731.4957041285870     
   11.000000000000000        1.5367920189887315E-009   1913.5039061080674     
   11.100000000000001        1.5324615332095645E-009   2114.6438478867003     
   11.199999999999999        1.5281355188252970E-009   2336.9265276128972     
   11.300000000000001        1.5238138803682389E-009   2582.5743226555132     
   11.400000000000000        1.5194967400100899E-009   2854.0432076583611     
   11.500000000000000        1.5151839917477420E-009   3154.0473078941395     
   11.600000000000001        1.5108757103792712E-009   3485.5860333725177     
   11.699999999999999        1.5065718511916005E-009   3851.9740649555843     
   11.800000000000001        1.5022724845770818E-009   4256.8744922437627     
   11.900000000000000        1.4979775491812377E-009   4704.3354345015541     
   12.000000000000000        1.4936870899387288E-009   5198.8305107101796     
   12.100000000000001        1.4894010690218251E-009   5745.3035633113204     
   12.199999999999999        1.4851195683261197E-009   6349.2180827272159     
   12.300000000000001        1.4808425003223287E-009   7016.6118267325628     
   12.400000000000000        1.4765699417468664E-009   7754.1571806823531     
   12.500000000000000        1.4723018428130315E-009   8569.2278619867939     
   12.600000000000001        1.4680382125939188E-009   9469.9726356419123     
   12.699999999999999        1.4637790947669095E-009   10465.396777708214     
   12.800000000000001        1.4595243935724190E-009   11565.452101078608     
   12.900000000000000        1.4552742732881067E-009   12781.136443465643     
   13.000000000000000        1.4510286703268782E-009   14124.603612122837     
   13.100000000000000        1.4467875196033626E-009   15609.284884339779     
   13.200000000000001        1.4425508926488101E-009   17250.023278261153     
   13.300000000000001        1.4383188223931900E-009   19063.221936231312     
   13.400000000000000        1.4340911931147098E-009   21067.008103932309     
   13.500000000000000        1.4298680777602406E-009   23281.414344475903     
   13.600000000000000        1.4256495204606669E-009   25728.578798887502     
   13.700000000000001        1.4214354823652735E-009   28432.966494802353     
   13.800000000000001        1.4172259980940613E-009   31421.613915586608     
   13.900000000000000        1.4130210400366439E-009   34724.399274599040     
   14.000000000000000        1.4088206149023495E-009   38374.341196248315     
   14.100000000000000        1.4046247256822992E-009   42407.928789444362     
   14.200000000000001        1.4004333651331476E-009   46865.486412826176     
   14.300000000000001        1.3962465997772549E-009   51791.576777909948     
   14.400000000000000        1.3920643371073924E-009   57235.446419510852     
   14.500000000000000        1.3878867122926172E-009   63251.517986266437     
   14.600000000000001        1.3837136307222029E-009   69899.934272079379     
   14.700000000000001        1.3795450715492185E-009   77247.159426465514     
   14.800000000000001        1.3753810909941526E-009   85366.643353315478     
   14.900000000000000        1.3712217459225196E-009   94339.555939162237     
   15.000000000000000        1.3670669020416922E-009   104255.59845001419     
   15.100000000000001        1.3629167287789704E-009   115213.90020712689     
   15.200000000000001        1.3587710700293379E-009   127324.00950446023     
   15.300000000000001        1.3546300311093433E-009   140706.98867253889     
   15.400000000000000        1.3504936218478927E-009   155496.62423436457     
   15.500000000000000        1.3463617550980312E-009   171840.76424940367     
   15.600000000000001        1.3422345567650909E-009   189902.79621290020     
   15.700000000000001        1.3381119250077305E-009   209863.28028261958     
   15.800000000000001        1.3339939050863860E-009   231921.75415761484     
   15.900000000000000        1.3298805258993849E-009   256298.72764924067     
   16.000000000000000        1.3257717730546085E-009   283237.88688059989     
   16.100000000000001        1.3216676282025258E-009   313008.53014578560     
   16.200000000000003        1.3175681595465157E-009   345908.25977567141     
   16.300000000000001        1.3134732827375513E-009   382265.95691572881     
   16.399999999999999        1.3093830513067961E-009   422445.06894893624     
   16.500000000000000        1.3052975017610136E-009   466847.24242164497     
   16.600000000000001        1.3012165345958821E-009   515916.33778341464     
   16.700000000000003        1.2971402839306381E-009   570142.86606787599     
   16.800000000000001        1.2930686910965068E-009   630068.89185880707     
   16.899999999999999        1.2890016937773725E-009   696293.45154583384     
   17.000000000000000        1.2849394192049676E-009   769478.54102420609     
   17.100000000000001        1.2808818043449308E-009   850355.73268434638     
   17.200000000000003        1.2768288488076655E-009   939733.48782617308     
   17.300000000000001        1.2727805918124939E-009   1038505.2375835007     
   17.399999999999999        1.2687369955767327E-009   1147658.3131244513     
   17.500000000000000        1.2646981341696569E-009   1268283.8143816888     
   17.600000000000001        1.2606639419557948E-009   1401587.5159460730     
   17.700000000000003        1.2566344144505341E-009   1548901.9191228237     
   17.800000000000001        1.2526095947681184E-009   1711699.5706041583     
   17.899999999999999        1.2485895446371809E-009   1891607.7808708968     
   18.000000000000000        1.2445741987392250E-009   2090424.8894243806     
   18.100000000000001        1.2405635325057202E-009   2310138.2394089908     
   18.200000000000003        1.2365575765843106E-009   2552944.0412689028     
   18.300000000000001        1.2325563667997967E-009   2821269.3239615248     
   18.399999999999999        1.2285599175579292E-009   3117796.1931124972     
   18.500000000000000        1.2245681417387374E-009   3445488.6385522070     
   18.600000000000001        1.2205811136540388E-009   3807622.1591514284     
   18.700000000000003        1.2165988537007942E-009   4207816.5010287641     
   18.800000000000001        1.2126213240765576E-009   4650071.8363164403     
   18.899999999999999        1.2086485817569819E-009   5138808.7440540912     
   19.000000000000000        1.2046806001776830E-009   5678912.3927770825     
   19.100000000000001        1.2007173316078919E-009   6275781.3663549637     
   19.200000000000003        1.1967588589743093E-009   6935381.6210377226     
   19.300000000000001        1.1928051625233048E-009   7664306.1129454356     
   19.399999999999999        1.1888562294624835E-009   8469840.6919030473     
   19.500000000000000        1.1849120748099933E-009   9360036.9201434571     
   19.600000000000001        1.1809727165336982E-009   10343792.543603646     
   19.700000000000003        1.1770381621357001E-009   11430940.420011794     
   19.800000000000001        1.1731083849208672E-009   12632346.792473130     
   19.899999999999999        1.1691833624388097E-009   13960019.890651962     
   20.000000000000000        1.1652632188804535E-009   15427229.944851328     
   20.100000000000001        1.1613478453480749E-009   17048641.812339664     
   20.200000000000003        1.1574373124473692E-009   18840461.541306958     
   20.300000000000001        1.1535315857131064E-009   20820598.337109447     
   20.399999999999999        1.1496306930459256E-009   23008843.549373060     
   20.500000000000000        1.1457346061614704E-009   25427068.468611676     
   20.600000000000001        1.1418433985946023E-009   28099442.908972431     
   20.700000000000003        1.1379569824458203E-009   31052676.761429779     
   20.800000000000001        1.1340754343857771E-009   34316286.931282900     
   20.899999999999999        1.1301987080768581E-009   37922892.327463791     
   21.000000000000000        1.1263268770424744E-009   41908539.851471692     
   21.100000000000001        1.1224598921630055E-009   46313064.643509120     
   21.199999999999999        1.1185977888605566E-009   51180488.185703881     
   21.300000000000001        1.1147404707475025E-009   56559458.240586244     
   21.400000000000002        1.1108881028354615E-009   62503735.021008000     
   21.500000000000000        1.1070406114739153E-009   69072728.449656859     
   21.600000000000001        1.1031979913924688E-009   76332091.876802295     
   21.699999999999999        1.0993602477196997E-009   84354378.189049035     
   21.800000000000001        1.0955274065215896E-009   93219764.865288451     
   21.900000000000002        1.0916994717685798E-009   103016855.22494842     
   22.000000000000000        1.0878764216673456E-009   113843563.87495880     
   22.100000000000001        1.0840583081976593E-009   125808095.20314409     
   22.199999999999999        1.0802451010741726E-009   139030024.69544947     
   22.300000000000001        1.0764367877391016E-009   153641493.88181353     
   22.400000000000002        1.0726334247657872E-009   169788530.85081643     
   22.500000000000000        1.0688349865821505E-009   187632509.52788663     
   22.600000000000001        1.0650414964514309E-009   207351762.29830974     
   22.699999999999999        1.0612529405461490E-009   229143362.08840510     
   22.800000000000001        1.0574693093652221E-009   253225091.71141267     
   22.900000000000002        1.0536906481483826E-009   279837620.15560275     
   23.000000000000000        1.0499169889529608E-009   309246907.55980688     
   23.100000000000001        1.0461481778120152E-009   341746862.90639800     
   23.199999999999999        1.0423844447785624E-009   377662280.98671055     
   23.300000000000001        1.0386256289858744E-009   417352087.98416090     
   23.400000000000002        1.0348718008235542E-009   461212928.10368657     
   23.500000000000000        1.0311229886607226E-009   509683127.08360505     
   23.600000000000001        1.0273790775344648E-009   563247072.19133210     
   23.699999999999999        1.0236402230666230E-009   622440052.46544623     
   23.800000000000001        1.0199063548721380E-009   687853607.56489551     
   23.900000000000002        1.0161774968189803E-009   760141438.66737509     
   24.000000000000000        1.0124536633418390E-009   840025940.47431540     
   24.100000000000001        1.0087348301830918E-009   928305419.58503687     
   24.200000000000003        1.0050210076501855E-009   1025862071.3598880     
   24.300000000000001        1.0013122117646156E-009   1133670794.9698734     
   24.400000000000002        9.9760847495598010E-010   1252808934.7041142     
   24.500000000000000        9.9390974340940813E-010   1384467044.8600445     
   24.600000000000001        9.9021606344913568E-010   1529960785.7673051     
   24.700000000000003        9.8652744892038053E-010   1690744069.7963941     
   24.800000000000001        9.8284389206826653E-010   1868423588.6907971     
   24.900000000000002        9.7916537786741892E-010   2064774867.3608623     
   25.000000000000000        9.7549191260931636E-010   2281760004.5268769     
   25.100000000000001        9.7182354763281335E-010   2521547277.4507442     
   25.200000000000003        9.6816025558769745E-010   2786532806.6171250     
   25.300000000000001        9.6450203238031197E-010   3079364496.8040075     
   25.400000000000002        9.6084891130446832E-010   3402968493.7227688     
   25.500000000000000        9.5720085229545352E-010   3760578420.5375581     
   25.600000000000001        9.5355792477891895E-010   4155767686.3440914     
   25.700000000000003        9.4992009502854939E-010   4592485189.3747540     
   25.800000000000001        9.4628738317926823E-010   5075094771.6089563     
   25.900000000000002        9.4265977779121289E-010   5608418818.9415817     
   26.000000000000000        9.3903729096774881E-010   6197786442.4734497     
   26.100000000000001        9.3541997166174374E-010   6849086722.2505150     
   26.200000000000003        9.3180771394786717E-010   7568827545.3466825     
   26.300000000000001        9.2820064020318753E-010   8364200626.0689793     
   26.400000000000002        9.2459871575856780E-010   9243153357.8164539     
   26.500000000000000        9.2100194697194078E-010   10214468214.364468     
   26.600000000000001        9.1741033137365600E-010   11287850493.758137     
   26.700000000000003        9.1382386755814818E-010   12474025281.328686     
   26.800000000000001        9.1024259108704882E-010   13784844600.436005     
   26.900000000000002        9.0666645407254303E-010   15233405821.300591     
   27.000000000000000        9.0309552797930287E-010   16834182510.740211     
   27.100000000000001        8.9952979220659733E-010   18603169029.894012     
   27.200000000000003        8.9596922803012163E-010   20558040324.333740     
   27.300000000000001        8.9241390890020089E-010   22718328502.712440     
   27.400000000000002        8.8886379235378989E-010   25105617967.785381     
   27.500000000000000        8.8531882791661530E-010   27743761048.942986     
   27.600000000000001        8.8177911643195729E-010   30659116290.168289     
   27.700000000000003        8.7824463876318533E-010   33880811773.609531     
   27.800000000000001        8.7471539776815766E-010   37441036109.017052     
   27.900000000000002        8.7119141018070199E-010   41375359995.611649     
   28.000000000000000        8.6767262839391344E-010   45723091568.301765     
   28.100000000000001        8.6415909290471205E-010   50527669077.598740     
   28.200000000000003        8.6065082185993862E-010   55837094825.442490     
   28.300000000000001        8.5714781134448525E-010   61704414691.205528     
   28.400000000000002        8.5365010793245525E-010   68188248037.461380     
   28.500000000000000        8.5015760391630817E-010   75353373288.264908     
   28.600000000000001        8.4667045669482865E-010   83271375028.714020     
   28.700000000000003        8.4318855035815485E-010   92021359088.970001     
   28.800000000000001        8.3971194881283751E-010   101690742754.89417     
   28.900000000000002        8.3624066213424855E-010   112376127997.73843     
   29.000000000000000        8.3277464608419403E-010   124184266444.42520     
   29.100000000000001        8.2931398400309048E-010   137233125726.16162     
   29.200000000000003        8.2585859241533451E-010   151653067855.54797     
   29.300000000000001        8.2240857316778679E-010   167588151401.14697     
   29.400000000000002        8.1896388911959424E-010   185197570464.77505     
   29.500000000000000        8.1552452409349348E-010   204657244832.94318     
   29.600000000000001        8.1209051364200896E-010   226161577183.57449     
   29.700000000000003        8.0866185607196059E-010   249925394897.34692     
   29.800000000000001        8.0523853235482994E-010   276186095866.53790     
   29.900000000000002        8.0182059614285341E-010   305206019731.34991     
   30.000000000000000        7.9840804362194565E-010   337275068224.81342     
   30.100000000000001        7.9500086442167282E-010   372713600794.95007     
   30.200000000000003        7.9159860816377779E-010   411875634421.69769     
   30.300000000000001        7.8820222811239311E-010   455152379583.73035     
   30.400000000000002        7.8481121913830958E-010   502976147686.93378     
   30.500000000000000        7.8142561804112546E-010   555824668975.49854     
   30.600000000000001        7.7804543568971110E-010   614225864045.50073     
   30.700000000000003        7.7467065566605916E-010   678763116610.06470     
   30.800000000000001        7.7130133190399787E-010   750081100170.40698     
   30.900000000000002        7.6793741046186517E-010   828892216777.79932     
   31.000000000000000        7.6457897336895715E-010   915983712183.17065     
   31.100000000000001        7.6122596137576769E-010   1012225538424.8066     
   31.200000000000003        7.5787838225700800E-010   1118579042367.5071     
   31.300000000000001        7.5453632287726422E-010   1236106566953.4736     
   31.400000000000002        7.5119967750975981E-010   1365982061038.2290     
   31.500000000000000        7.4786850976846522E-010   1509502803754.9263     
   31.600000000000001        7.4454286652196501E-010   1668102360478.5063     
   31.700000000000003        7.4122268401167935E-010   1843364899757.4006     
   31.800000000000001        7.3790801222825874E-010   2037041014168.9038     
   31.900000000000002        7.3459884705070632E-010   2251065203069.3267     
   32.000000000000000        7.3129518890209219E-010   2487575191802.2671     
   32.100000000000001        7.2799703921769281E-010   2748933280263.4224     
   32.200000000000003        7.2470444451603693E-010   3037749933980.3853     
   32.299999999999997        7.2141733307131094E-010   3356909853254.7329     
   32.400000000000006        7.1813581559720820E-010   3709600780652.9658     
   32.500000000000000        7.1485980493735607E-010   4099345334470.8359     
   32.600000000000001        7.1158940063249925E-010   4530036186004.9062     
   32.700000000000003        7.0832453339811380E-010   5005974931846.3838     
   32.799999999999997        7.0506523924283497E-010   5531915049300.0771     
   32.900000000000006        7.0181150838250413E-010   6113109363792.5752     
   33.000000000000000        6.9856173731313675E-010   6755362502175.6221     
   33.100000000000001        6.9531925859450500E-010   7465088855603.9951     
   33.200000000000003        6.9208229942359590E-010   8249376630665.4502     
   33.299999999999997        6.8885097530703223E-010   9116058628216.7812     
   33.400000000000006        6.8562527633268721E-010   10073790456537.662     
   33.500000000000000        6.8240517430383181E-010   11132136959623.930     
   33.600000000000001        6.7919069975941971E-010   12301667723447.348     
   33.700000000000003        6.7598191941534900E-010   13594062613621.998     
   33.799999999999997        6.7277877451569862E-010   15022228398051.855     
   33.900000000000006        6.6958125193030719E-010   16600427618778.229     
   34.000000000000000        6.6638941478648493E-010   18344420999512.230     
   34.100000000000001        6.6320322246091176E-010   20271624810444.598     
   34.200000000000003        6.6002272544566351E-010   22401284761213.566     
   34.299999999999997        6.5684793962380279E-010   24754668157887.148     
   34.400000000000006        6.5367879934744124E-010   27355276242105.359     
   34.500000000000000        6.5051538011423772E-010   30229078831964.191     
   34.600000000000001        6.4735769073958991E-010   33404773606814.348     
   34.700000000000003        6.4420573199776153E-010   36914072624104.859     
   34.799999999999997        6.4105945532582656E-010   40792018928194.672     
   34.900000000000006        6.3791895936684776E-010   45077336411380.703     
   35.000000000000000        6.3478417413082874E-010   49812816419254.070     
   35.100000000000001        6.3165515840510150E-010   55045744959212.500     
   35.200000000000003        6.2853187814486188E-010   60828374776164.680     
   35.299999999999997        6.2541437881107654E-010   67218447007234.648     
   35.400000000000006        6.2230262490949292E-010   74279767622053.672     
   35.500000000000000        6.1919671233196196E-010   82082844401952.156     
   35.600000000000001        6.1609656607971759E-010   90705590815516.703     
   35.700000000000003        6.1300222707231547E-010   100234103815535.66     
   35.799999999999997        6.0991371720456281E-010   110763523320031.66     
   35.900000000000006        6.0683099149985291E-010   122398981955197.50     
   36.000000000000000        6.0375410372991741E-010   135256654538743.19     
   36.100000000000001        6.0068304924221568E-010   149464917777450.97     
   36.200000000000003        5.9761781511533548E-010   165165631752477.44     
   36.299999999999997        5.9455847663422557E-010   182515555981204.47     
   36.400000000000006        5.9150498103389494E-010   201687914187245.50     
   36.500000000000000        5.8845736335181523E-010   222874123394022.97     
   36.600000000000001        5.8541561974940776E-010   246285704596939.28     
   36.700000000000003        5.8237974473786554E-010   272156394080882.44     
   36.799999999999997        5.7934976022614481E-010   300744476451746.12     
   36.900000000000006        5.7632569436853587E-010   332335362662792.06     
   37.000000000000000        5.7330758020239221E-010   367244438760977.38     
   37.100000000000001        5.7029534945587113E-010   405820213779442.38     
   37.200000000000003        5.6728904860818396E-010   448447798186784.88     
   37.300000000000004        5.6428870671507105E-010   495552747601714.56     
   37.399999999999999        5.6129430357293713E-010   547605310125663.25     
   37.500000000000000        5.5830586188185975E-010   605125119672657.62     
   37.600000000000001        5.5532342393091544E-010   668686382124978.25     
   37.700000000000003        5.5234690107756116E-010   738923606059720.88     
   37.800000000000004        5.4937639813497501E-010   816537935223791.00     
   37.899999999999999        5.4641188099002495E-010   902304145937745.25     
   38.000000000000000        5.4345339095751215E-010   997078379241904.12     
   38.100000000000001        5.4050089381656914E-010   1101806684927331.2     
   38.200000000000003        5.3755443356676305E-010   1217534462693075.2     
   38.300000000000004        5.3461401468527181E-010   1345416894619679.8     
   38.399999999999999        5.3167961180712565E-010   1486730473037172.5     
   38.500000000000000        5.2875126425110708E-010   1642885738791907.2     
   38.600000000000001        5.2582902518734765E-010   1815441356989282.5     
   38.700000000000003        5.2291346979142161E-010   2006119670630123.5     
   38.800000000000004        5.2000337251949235E-010   2216823887298403.2     
   38.899999999999999        5.1709932425181358E-010   2449657070346204.0     
   39.000000000000000        5.1420140182408853E-010   2706943124018867.5     
   39.100000000000001        5.1130957456670763E-010   2991249981849647.0     
   39.200000000000003        5.0842388625245105E-010   3305415229627094.5     
   39.300000000000004        5.0554431123455513E-010   3652574418518211.5     
   39.399999999999999        5.0267089960524683E-010   4036192350758629.0     
   39.500000000000000        4.9980364539446979E-010   4460097649965946.5     
   39.600000000000001        4.9694249820946625E-010   4928520960886881.0     
   39.700000000000003        4.9408758442178296E-010   5446137159583352.0     
   39.800000000000004        4.9123881528456900E-010   6018111995053959.0     
   39.899999999999999        4.8839701995557270E-010   6650153627476486.0     
   40.000000000000000        4.8556067885859411E-010   7348569577084865.0     
   40.100000000000001        4.8273052142173135E-010   8120329651643357.0     
   40.200000000000003        4.7990661900769417E-010   8973135480096653.0     
   40.300000000000004        4.7708888706396592E-010   9915497345841566.0     
   40.399999999999999        4.7427748136121047E-010   10956819085849762.     
   40.500000000000000        4.7147230407938950E-010   12107491902290554.     
   40.600000000000001        4.6867338535164056E-010   13378998022161706.     
   40.700000000000003        4.6588077733776108E-010   14784025238622538.     
   40.800000000000004        4.6309445489932353E-010   16336593476209606.     
   40.899999999999999        4.6031442647108835E-010   18052194641988924.     
   41.000000000000000        4.5754071821481893E-010   19947947157150208.     
   41.100000000000001        4.5477333674091238E-010   22042766709896280.     
   41.200000000000003        4.5201227238707053E-010   24357554932192872.     
   41.300000000000004        4.4925754437888143E-010   26915407881612808.     
   41.399999999999999        4.4650825120128933E-010   29741846406938352.     
   41.500000000000000        4.4376627545597200E-010   32865070694321000.     
   41.600000000000001        4.4102969077633174E-010   36316241531824688.     
   41.700000000000003        4.3830047271952537E-010   40129791096498568.     
   41.800000000000004        4.3557762497495848E-010   44343766362386928.     
   41.899999999999999        4.3286116553952055E-010   49000208553012472.     
   42.000000000000000        4.3015116454700367E-010   54145572421125384.     
   42.100000000000001        4.2744758320061825E-010   59831189535441304.     
   42.200000000000003        4.2475044999813972E-010   66113780192689968.     
   42.300000000000004        4.2205871715665869E-010   73056019057878512.     
   42.399999999999999        4.1937451907880591E-010   80727160171132320.     
   42.500000000000000        4.1669683497251199E-010   89203727551077488.     
   42.600000000000001        4.1402472083175690E-010   98570278278417440.     
   42.700000000000003        4.1135995014890580E-010   1.0892024566561288E+017
   42.800000000000004        4.0870173823174427E-010   1.2035687091659690E+017
   42.899999999999999        4.0605001890791955E-010   1.3299423256220834E+017
   43.000000000000000        4.0340483931842843E-010   1.4695838393126445E+017
   43.100000000000001        4.0076617596970479E-010   1.6238860999361862E+017
   43.200000000000003        3.9813398773822712E-010   1.7943881610094218E+017
   43.300000000000004        3.9550843639980706E-010   1.9827906246504314E+017
   43.400000000000006        3.9288939342166838E-010   2.1909725966552742E+017
   43.500000000000000        3.9027696172119718E-010   2.4210104208284806E+017
   43.600000000000001        3.8767113330984176E-010   2.6751983792535389E+017
   43.700000000000003        3.8507194630955830E-010   2.9560715647734458E+017
   43.800000000000004        3.8247960898527420E-010   3.2664311535907923E+017
   43.900000000000006        3.7989369454684139E-010   3.6093723298047584E+017
   44.000000000000000        3.7731446358258916E-010   3.9883151401180902E+017
   44.100000000000001        3.7474189721147942E-010   4.4070385861339443E+017
   44.200000000000003        3.7217601795440794E-010   4.8697182939093498E+017
   44.300000000000004        3.6961684373802102E-010   5.3809681360619757E+017
   44.400000000000006        3.6706438849090512E-010   5.9458862210923622E+017
   44.500000000000000        3.6451866452293811E-010   6.5701057080786317E+017
   44.600000000000001        3.6198057459484311E-010   7.2598509529560947E+017
   44.700000000000003        3.5944832381226244E-010   8.0219995456887629E+017
   44.800000000000004        3.5692285174511315E-010   8.8641508563042598E+017
   44.900000000000006        3.5440415555496570E-010   9.7947017725765197E+017
   45.000000000000000        3.5189303105133277E-010   1.0822930383752630E+018
   45.100000000000001        3.4938843170499420E-010   1.1959088443839708E+018
   45.200000000000003        3.4689006932209052E-010   1.3214503535384640E+018
   45.300000000000004        3.4439859583149934E-010   1.4601691951261340E+018
   45.400000000000006        3.4191391688031593E-010   1.6134483418688512E+018
   45.500000000000000        3.3943613310241471E-010   1.7828158907599101E+018
   45.600000000000001        3.3696520886548662E-010   1.9699602895740844E+018
   45.700000000000003        3.3450116471574264E-010   2.1767471606800154E+018
   45.800000000000004        3.3204400952955612E-010   2.4052378896848855E+018
   45.900000000000006        3.2959378295056594E-010   2.6577101640081505E+018
   46.000000000000000        3.2715051703983429E-010   2.9366806658904084E+018
   46.100000000000001        3.2471344540149641E-010   3.2449301457869307E+018
   46.200000000000003        3.2228409470894543E-010   3.5855311257870193E+018
   46.300000000000004        3.1986172760584403E-010   3.9618785088756193E+018
   46.400000000000006        3.1744637973988047E-010   4.3777233987721795E+018
   46.500000000000000        3.1503807004030408E-010   4.8372104670325596E+018
   46.600000000000001        3.1263793566453878E-010   5.3449192393984891E+018
   46.700000000000003        3.1024373483691627E-010   5.9059097123783148E+018
   46.800000000000004        3.0785786406125926E-010   6.5257727541304218E+018
   46.900000000000006        3.0547788111882038E-010   7.2106857913217362E+018
   47.000000000000000        3.0310501296403996E-010   7.9674743362276977E+018
   47.100000000000001        3.0074021904045559E-010   8.8036799664418376E+018
   47.200000000000003        2.9838133671489095E-010   9.7276354337570079E+018
   47.300000000000004        2.9603041355533562E-010   1.0748547649700880E+019
   47.400000000000006        2.9368685746856239E-010   1.1876589373559628E+019
   47.500000000000000        2.9134972720300779E-010   1.3123000515288146E+019
   47.600000000000001        2.8902082827500745E-010   1.4500200061337266E+019
   47.700000000000003        2.8669834205222280E-010   1.6021909737083902E+019
   47.800000000000004        2.8438387667893237E-010   1.7703290636276007E+019
   47.900000000000006        2.8207551657964624E-010   1.9561094176858579E+019
   48.000000000000000        2.7977663781335070E-010   2.1613828885014524E+019
   48.100000000000001        2.7748407164618200E-010   2.3881944666648060E+019
   48.200000000000003        2.7520012898483034E-010   2.6388036399417303E+019
   48.300000000000004        2.7292248041052794E-010   2.9157068870529221E+019
   48.400000000000006        2.7065262792402417E-010   3.2216625297727644E+019
   48.500000000000000        2.6839063501224106E-010   3.5597181905361416E+019
   48.600000000000001        2.6613780472465356E-010   3.9332411286440747E+019
   48.700000000000003        2.6389158517141006E-010   4.3459517567726289E+019
   48.800000000000004        2.6165351379151840E-010   4.8019606711026860E+019
   48.900000000000006        2.5942469999854129E-010   5.3058095633102512E+019
   49.000000000000000        2.5719963893526252E-010   5.8625164212379828E+019
   49.100000000000001        2.5498091465077502E-010   6.4776254676900798E+019
   49.200000000000003        2.5277586708458237E-010   7.1572623338776273E+019
   49.300000000000004        2.5057910239764861E-010   7.9081950160570548E+019
   49.400000000000006        2.4839275672118313E-010   8.7379012213689123E+019
   49.500000000000000        2.4620868329659622E-010   9.6546427723621532E+019
   49.600000000000001        2.4403485610863383E-010   1.0667547809819299E+020
   49.700000000000003        2.4186580332435127E-010   1.1786701610965828E+020
   49.800000000000004        2.3970146316106352E-010   1.3023246925731077E+020
   49.900000000000006        2.3754833642132025E-010   1.4389494828267128E+020
   50.000000000000000        2.3540297766975883E-010   1.5899047185374911E+020
   50.100000000000001        2.3326889794350820E-010   1.7566931958857875E+020
   50.200000000000003        2.3115129415252374E-010   1.9409752686274871E+020
   50.300000000000004        2.2905705387782594E-010   2.1445853625358048E+020
   50.400000000000006        2.2694681198416228E-010   2.3695502202888919E+020
   50.500000000000000        2.2485256434072219E-010   2.6181090580635949E+020
   50.600000000000001        2.2276549445388278E-010   2.8927358340748201E+020
   50.700000000000003        2.2069318271018727E-010   3.1961638502649941E+020
   50.800000000000004        2.1862824504981154E-010   3.5314129315082286E+020
   50.900000000000006        2.1657189439775226E-010   3.9018194522762353E+020
   51.000000000000000        2.1457780172296655E-010   4.3110695089733252E+020
   51.100000000000001        2.1252924298266364E-010   4.7632355673654834E+020
   51.200000000000003        2.1049394397791189E-010   5.2628169490105958E+020
   51.300000000000004        2.0848881751665409E-010   5.8147845586899770E+020
   51.400000000000006        2.0647444821345915E-010   6.4246302969157229E+020
   51.500000000000000        2.0447078066265178E-010   7.0984216480678910E+020
   51.600000000000001        2.0246703004761500E-010   7.8428619860546119E+020
   51.700000000000003        2.0047408295932636E-010   8.6653571960980649E+020
   51.800000000000004        1.9850126751059256E-010   9.5740892738919137E+020
   51.900000000000006        1.9653002993046448E-010   1.0578097632568084E+021
   52.000000000000000        1.9457414052538278E-010   1.1687368924339683E+021
   52.100000000000001        1.9265162978971084E-010   1.2912936268111101E+021
   52.200000000000003        1.9073908185899720E-010   1.4266988867592635E+021
   52.300000000000004        1.8885003329939517E-010   1.5762993107460872E+021
   52.400000000000006        1.8701098595393837E-010   1.7415826328872241E+021
   52.500000000000000        1.8517529622448314E-010   1.9241924611302071E+021
   52.600000000000001        1.8365171517079255E-010   2.1259446026480737E+021
   52.700000000000003        1.8183256873441654E-010   2.3488450983507625E+021
   52.800000000000004        1.8003058262435498E-010   2.5951101453558124E+021
   52.900000000000006        1.7824808308621488E-010   2.8671881049628727E+021
   53.000000000000000        1.7666032708413171E-010   3.1677838143345284E+021
   53.100000000000001        1.7501108350962074E-010   3.4998854429024862E+021
   53.200000000000003        1.7356592961487261E-010   3.8667941597186003E+021
   53.300000000000004        1.7201750764321079E-010   4.2721569058044919E+021
   53.400000000000006        1.7041941699545424E-010   4.7200025962949860E+021
   53.500000000000000        1.6891510950200380E-010   5.2147821111237044E+021
   53.600000000000001        1.6749125129289678E-010   5.7614124704995004E+021
   53.700000000000003        1.6582453418214395E-010   6.3653256328385596E+021
   53.800000000000004        1.6458832733774060E-010   7.0325223985600371E+021
   53.900000000000006        1.6422029714691977E-010   7.7696319536716789E+021
   54.000000000000000        1.7135148269308450E-010   8.5839776428669471E+021
   54.100000000000001        1.7006353761396907E-010   9.4836496234744434E+021
   54.200000000000003        1.6979054669541491E-010   1.0477585119653881E+022
   54.300000000000004        1.6848641054538118E-010   1.1575657071391472E+022
   54.400000000000006        1.6731559949643143E-010   1.2788772055847153E+022
   54.500000000000000        1.6666483116683594E-010   1.4128978450274331E+022
   54.600000000000001        1.6585331295962042E-010   1.5609585906962401E+022
   54.700000000000003        1.6725031910783331E-010   1.7245297322445941E+022
   54.800000000000004        1.6651236997160603E-010   1.9052354606687280E+022
   54.900000000000006        1.6563573641293986E-010   2.1048699694272855E+022
   55.000000000000000        1.6557182293567601E-010   2.3254152390226783E+022
   55.100000000000001        1.6489259068378016E-010   2.5690606809312758E+022
   55.200000000000003        1.6439577096094934E-010   2.8382248351288063E+022
   55.300000000000004        1.6405989272362162E-010   3.1355793357338835E+022
   55.400000000000006        1.6443374530908713E-010   3.4640753816798453E+022
   55.500000000000000        1.6692256237733694E-010   3.8269729740489841E+022
   55.600000000000001        1.6895845527504182E-010   4.2278732090026802E+022
   55.700000000000003        1.7149476751111944E-010   4.6707539453861276E+022
   55.800000000000004        1.7720082252239763E-010   5.1600091993728675E+022
   55.900000000000006        1.8392755586524045E-010   5.7004926552695565E+022
   56.000000000000000        1.8816305511164220E-010   6.2975657221840060E+022
   56.100000000000001        1.9386323543851414E-010   6.9571506110723032E+022
   56.200000000000003        2.0089860793365052E-010   7.6857889561575437E+022
   56.300000000000004        2.1212660767671401E-010   8.4907065593437608E+022
   56.400000000000006        2.2138476598268811E-010   9.3798848965674216E+022
   56.500000000000000        2.4320020613372913E-010   1.0362140091624923E+023
   56.600000000000001        2.5652960221542943E-010   1.1447210136544667E+023
   56.700000000000003        2.7655596393992730E-010   1.2645851218751638E+023
   56.800000000000004        2.9411221251947133E-010   1.3969944104901378E+023
   56.900000000000006        3.0340190655274562E-010   1.5432611630208449E+023
   57.000000000000000        3.2141015692620012E-010   1.7048348451339259E+023
   57.100000000000001        3.4446225091876001E-010   1.8833164341540561E+023
   57.200000000000003        3.7699460131239683E-010   2.0804742439814561E+023
   57.300000000000004        4.0626833994426657E-010   2.2982614012936793E+023
   57.400000000000006        3.7899843717392385E-010   2.5388351451364610E+023
   57.500000000000000        3.1190446889649504E-010   2.8045781399201492E+023
   57.600000000000001        1.5187734367210275E-010   3.0981220116107275E+023
   57.700000000000003        1.6092006856354614E-010   3.4223733387296130E+023
   57.800000000000004        2.1162759893397146E-010   3.7805423538693217E+023
   57.900000000000006        2.3725682701690470E-010   4.1761746380245227E+023
   58.000000000000000        3.1279660218525251E-010   4.6131861193915147E+023
   58.100000000000001        4.1329450492150768E-010   5.0959017206882313E+023
   58.200000000000003        1.1857670411569833E-008   5.6290980348058644E+023
   58.300000000000004        1.3264657584676287E-008   6.2180504480726511E+023
   58.400000000000006        1.0687192649463401E-008   6.8685851739697277E+023
   58.500000000000000        1.1890666392890298E-008   7.5871367082154385E+023
   58.600000000000001        9.3290942180655772E-009   8.3808112691905200E+023
   58.700000000000003        1.9895616364777282E-009   9.2574568462301177E+023
   58.800000000000004        1.1579947394454675E-008   1.0225740542926815E+024
   58.900000000000006        4.0962187927326999E-009   1.1295233973893876E+024
   59.000000000000000        5.5318912885426854E-009   1.2476507552123925E+024
   59.100000000000001        1.6553617338891008E-008   1.3781234590908827E+024
   59.200000000000003        2.7093310469648280E-009   1.5222306240086450E+024
   59.300000000000004        1.2189545133146947E-007   1.6813958382099659E+024
   59.400000000000006        9.6159516818953765E-009   1.8571911729985249E+024
   59.500000000000000        4.6672293133655604E-009   2.0513526498095790E+024
   59.600000000000001        2.5859862438213869E-008   2.2657973158338141E+024
   59.700000000000003        2.5099116504231020E-008   2.5026420951335456E+024
   59.800000000000004        1.9966852211939842E-009   2.7642245994720683E+024
   59.900000000000006        2.8987681846765488E-009   3.0531261021373637E+024
   60.000000000000000        7.7182390152045393E-009   3.3721968990683724E+024
   60.100000000000001        4.9833890836812916E-007   3.7245843047849878E+024
   60.200000000000003        1.4356072887920875E-007   4.1137635562035393E+024
   60.300000000000004        3.6386677746497859E-008   4.5435719256360054E+024
   60.400000000000006        2.9543707740565017E-008   5.0182463753877496E+024
   60.500000000000000        1.1772566771576881E-007   5.5424651206866836E+024
   60.600000000000001        3.2647938876449325E-008   6.1213935055218696E+024
   60.700000000000003        6.4274737700562498E-008   6.7607346376994262E+024
   60.800000000000004        6.5745570523967993E-007   7.4667852754413758E+024
   60.900000000000006        6.7957104800284384E-007   8.2464975085868712E+024
   61.000000000000000        7.6810301421031651E-007   9.1075468333927581E+024
   61.100000000000001        5.6042437599962400E-007   1.0058407281598363E+025
   61.200000000000003        6.5978631712065173E-007   1.1108434332399199E+025
   61.300000000000004        5.6124141992350451E-006   1.2267956410910440E+025
   61.400000000000006        3.6492236672257458E-006   1.3548375859293029E+025
   61.500000000000000        4.0102386716412594E-006   1.4962280357749580E+025
   61.600000000000001        3.6449395740048563E-006   1.6523565872912240E+025
   61.700000000000003        5.8934758716196730E-006   1.8247572321696855E+025
   61.800000000000004        1.8794982116118198E-005   2.0151233260505614E+025
   61.900000000000006        1.5040763990850740E-005   2.2253241043867080E+025
   62.000000000000000        1.6551555628352879E-005   2.4574229044448685E+025
   62.100000000000001        3.1967444907512105E-005   2.7136972689247543E+025
   62.200000000000003        8.1126117050566500E-005   2.9966611246146123E+025
   62.300000000000004        7.9465286084210045E-005   3.3090892492588870E+025
   62.400000000000006        7.7792717894689323E-005   3.6540442615684209E+025
   62.500000000000000        1.4748515786800460E-004   4.0349063932598204E+025
   62.600000000000001        1.4275450136046110E-004   4.4554063283818708E+025
   62.700000000000003        1.6948889416712782E-004   4.9196614242190286E+025
   62.800000000000004        1.9218185995310144E-004   5.4322156600145118E+025
   62.900000000000006        1.9911873838062409E-004   5.9980836949191960E+025
   63.000000000000000        1.9698328784681157E-004   6.6227994552645778E+025
   63.100000000000001        2.7980651164759480E-004   7.3124697138251211E+025
   63.200000000000003        2.5107536454719686E-004   8.0738331705559105E+025
   63.300000000000004        3.6174084834225570E-004   8.9143255957854020E+025
   63.400000000000006        5.4404940396780756E-004   9.8421516534640226E+025
   63.500000000000000        7.6345788368791141E-004   1.0866364084313628E+026
   63.600000000000001        5.2668416106219529E-004   1.1996950997139161E+026
   63.700000000000003        1.4719828914510334E-003   1.3244932091739033E+026
   63.800000000000004        1.5637900929101475E-003   1.4622464719451694E+026
   63.900000000000006        1.3655433497749443E-003   1.6142960778083157E+026
   64.000000000000000        1.6738699561670805E-003   1.7821215537576224E+026
   64.099999999999994        2.2749780228388940E-003   1.9673549602125817E+026
   64.200000000000003        4.4856381588586893E-003   2.1717965334438614E+026
   64.300000000000011        5.6573509090728242E-003   2.3974319199487391E+026
   64.400000000000006        8.3532865673240433E-003   2.6464511629470516E+026
   64.500000000000000        9.3956803218431667E-003   2.9212696169959675E+026
   64.599999999999994        8.6440944085783133E-003   3.2245509840663310E+026
   64.700000000000003        7.9860811608443907E-003   3.5592326834195161E+026
   64.800000000000011        1.7818092795666984E-002   3.9285537884264098E+026
   64.900000000000006        2.2726169129254507E-002   4.3360857862310837E+026
   65.000000000000000        4.2056588811572405E-002   4.7857664410594794E+026
   65.099999999999994        4.5601125022154555E-002   5.2819370691893555E+026
   65.200000000000003        6.7666848941447921E-002   5.8293835633287260E+026
   65.300000000000011        4.9895001583592911E-002   6.4333815366110118E+026
   65.400000000000006        8.1632926388547605E-002   7.0997459918243956E+026
   65.500000000000000        7.7584547550429775E-002   7.8348859600928358E+026
   65.599999999999994        7.3621626093301792E-002   8.6458645952649188E+026
   65.700000000000003        6.9746815471754320E-002   9.5404652560069259E+026
   65.800000000000011        6.5963064588434053E-002   1.0527264157315963E+027
   65.900000000000006        6.2273643163891799E-002   1.1615710227142242E+027
   66.000000000000000        5.8682169889308772E-002   1.2816212862334516E+027
   66.099999999999994        5.5192639102565028E-002   1.4140238341492215E+027
   66.200000000000003        5.1809448822545213E-002   1.5600415720805682E+027
   66.300000000000011        4.8537429508985937E-002   1.7210653112886402E+027
   66.400000000000006        4.5381873312608761E-002   1.8986265328201631E+027
   66.500000000000000        4.2348567783749569E-002   2.0944113944266318E+027
   66.599999999999994        3.9443834624344240E-002   2.3102760959438134E+027
   66.700000000000003        3.6674580227944599E-002   2.5482637286130576E+027
   66.800000000000011        3.4048358899621670E-002   2.8106227442636720E+027
   66.900000000000006        3.1573464164504038E-002   3.0998271913466393E+027
   67.000000000000000        2.9259057053547862E-002   3.4185988765031990E+027
   67.099999999999994        2.7115346472180904E-002   3.7699316226361602E+027
   67.200000000000003        2.5153845324424429E-002   4.1571178072706064E+027
   67.300000000000011        2.3387728322498611E-002   4.5837773782666915E+027
   67.400000000000006        2.1832327769993602E-002   5.0538895575620743E+027
   67.500000000000000        2.0505808019075634E-002   5.5718274574164685E+027
   67.599999999999994        1.9430074706658432E-002   6.1423958473868302E+027
   67.700000000000003        1.8631982654221176E-002   6.7708723236978976E+027
