   5.0999999999999996        2.7651481605184690E-010   5.2562418374735618     
   5.2000000000000002        2.7498936150994148E-010   5.8087943040732197     
   5.2999999999999998        2.7346963412685877E-010   6.4194325126437999     
   5.4000000000000004        2.7195561883523854E-010   7.0942624526322611     
   5.5000000000000000        2.7044729859025945E-010   7.8400319807607799     
   5.5999999999999996        2.6894467954462934E-010   8.6641982917410498     
   5.7000000000000002        2.6744772565652058E-010   9.5750024815647468     
   5.7999999999999998        2.6595643575844627E-010   10.581551948861765     
   5.9000000000000004        2.6447081232558118E-010   11.693911458189651     
   6.0000000000000000        2.6299082415791410E-010   12.923203775725053     
   6.0999999999999996        2.6151647509107569E-010   14.281720883537124     
   6.2000000000000002        2.6004774955421019E-010   15.783046884390853     
   6.2999999999999998        2.5858462978542940E-010   17.442193825913304     
   6.4000000000000004        2.5712711361044032E-010   19.275751802125274     
   6.5000000000000000        2.5567518730101809E-010   21.302054833087379     
   6.5999999999999996        2.5422883279613664E-010   23.541364181160414     
   6.7000000000000002        2.5278804676296491E-010   26.016070936710868     
   6.7999999999999998        2.5135281895841564E-010   28.750919898747817     
   6.9000000000000004        2.4992312364851836E-010   31.773256988883162     
   7.0000000000000000        2.4849896907210698E-010   35.113302672290395     
   7.0999999999999996        2.4708034025138707E-010   38.804454119351803     
   7.2000000000000002        2.4566721975037733E-010   42.883619129029228     
   7.3000000000000007        2.4425959017310148E-010   47.391585152540522     
   7.4000000000000004        2.4285745673818457E-010   52.373427106848730     
   7.5000000000000000        2.4146079742135518E-010   57.878958055282524     
   7.5999999999999996        2.4006959301003111E-010   63.963227261179526     
   7.7000000000000002        2.3868385999741338E-010   70.687070594064622     
   7.8000000000000007        2.3730355944057251E-010   78.117718791279032     
   7.9000000000000004        2.3592869163414905E-010   86.329469656392860     
   8.0000000000000000        2.3455924178078300E-010   95.404430914948733     
   8.0999999999999996        2.3319521164054312E-010   105.43334115448597     
   8.1999999999999993        2.3183657004573533E-010   116.51647705644602     
   8.3000000000000007        2.3048331831676342E-010   128.76465599026506     
   8.4000000000000004        2.2913544480982226E-010   142.30034399333988     
   8.5000000000000000        2.2779293316898227E-010   157.25888021414664     
   8.5999999999999996        2.2645577112144085E-010   173.78983006012456     
   8.6999999999999993        2.2512395801082990E-010   192.05848057864426     
   8.8000000000000007        2.2379747104797964E-010   212.24749302134620     
   8.9000000000000004        2.2247630607471412E-010   234.55872911354160     
   9.0000000000000000        2.2116044935393493E-010   259.21526928695886     
   9.1000000000000014        2.1984988862573914E-010   286.46364305322521     
   9.1999999999999993        2.1854461201365295E-010   316.57629381629766     
   9.3000000000000007        2.1724461598235998E-010   349.85430276580331     
   9.4000000000000004        2.1594988701796296E-010   386.63039908331552     
   9.5000000000000000        2.1466040638792889E-010   427.27228655592381     
   9.6000000000000014        2.1337616213438145E-010   472.18631985461036     
   9.6999999999999993        2.1209715404413809E-010   521.82156723058574     
   9.8000000000000007        2.1082337032310199E-010   576.67430024577698     
   9.9000000000000004        2.0955479526859162E-010   637.29295542274042     
   10.000000000000000        2.0829140291279405E-010   704.28361741706158     
   10.100000000000001        2.0703320356736835E-010   778.31607852893376     
   10.199999999999999        2.0578018253293626E-010   860.13053513224531     
   10.300000000000001        2.0453232103151037E-010   950.54498796673533     
   10.400000000000000        2.0328961445507928E-010   1050.4634202751597     
   10.500000000000000        2.0205205008029026E-010   1160.8848355434729     
   10.600000000000001        2.0081961181221417E-010   1282.9132451952728     
   10.699999999999999        1.9959229536669190E-010   1417.7687060882545     
   10.800000000000001        1.9837008626865205E-010   1566.7995181550748     
   10.900000000000000        1.9715297233321538E-010   1731.4957041285870     
   11.000000000000000        1.9594094861806930E-010   1913.5039061080674     
   11.100000000000001        1.9473399413240479E-010   2114.6438478867003     
   11.199999999999999        1.9353210814042611E-010   2336.9265276128972     
   11.300000000000001        1.9233526692278904E-010   2582.5743226555132     
   11.400000000000000        1.9114347431102883E-010   2854.0432076583611     
   11.500000000000000        1.8995670532987522E-010   3154.0473078941395     
   11.600000000000001        1.8877495777289381E-010   3485.5860333725177     
   11.699999999999999        1.8759821443701412E-010   3851.9740649555843     
   11.800000000000001        1.8642647248415866E-010   4256.8744922437627     
   11.900000000000000        1.8525971266869237E-010   4704.3354345015541     
   12.000000000000000        1.8409792897531698E-010   5198.8305107101796     
   12.100000000000001        1.8294110512326064E-010   5745.3035633113204     
   12.199999999999999        1.8178923956993541E-010   6349.2180827272159     
   12.300000000000001        1.8064230998155257E-010   7016.6118267325628     
   12.400000000000000        1.7950031414970544E-010   7754.1571806823531     
   12.500000000000000        1.7836323438687848E-010   8569.2278619867939     
   12.600000000000001        1.7723106026072517E-010   9469.9726356419123     
   12.699999999999999        1.7610378542071189E-010   10465.396777708214     
   12.800000000000001        1.7498138679099230E-010   11565.452101078608     
   12.900000000000000        1.7386387249375067E-010   12781.136443465643     
   13.000000000000000        1.7275122328166181E-010   14124.603612122837     
   13.100000000000000        1.7164341982505923E-010   15609.284884339779     
   13.200000000000001        1.7054045907263132E-010   17250.023278261153     
   13.300000000000001        1.6944233329523946E-010   19063.221936231312     
   13.400000000000000        1.6834901729498859E-010   21067.008103932309     
   13.500000000000000        1.6726050812389644E-010   23281.414344475903     
   13.600000000000000        1.6617679935064334E-010   25728.578798887502     
   13.700000000000001        1.6509787486379639E-010   28432.966494802353     
   13.800000000000001        1.6402372711119844E-010   31421.613915586608     
   13.900000000000000        1.6295434131825651E-010   34724.399274599040     
   14.000000000000000        1.6188970671505646E-010   38374.341196248315     
   14.100000000000000        1.6082981208374932E-010   42407.928789444362     
   14.200000000000001        1.5977464505316243E-010   46865.486412826176     
   14.300000000000001        1.5872420165314547E-010   51791.576777909948     
   14.400000000000000        1.5767845980834965E-010   57235.446419510852     
   14.500000000000000        1.5663742327914229E-010   63251.517986266437     
   14.600000000000001        1.5560106978425276E-010   69899.934272079379     
   14.700000000000001        1.5456938547584047E-010   77247.159426465514     
   14.800000000000001        1.5354236514621920E-010   85366.643353315478     
   14.900000000000000        1.5252000355283891E-010   94339.555939162237     
   15.000000000000000        1.5150227421851310E-010   104255.59845001419     
   15.100000000000001        1.5048918440336336E-010   115213.90020712689     
   15.200000000000001        1.4948070530004702E-010   127324.00950446023     
   15.300000000000001        1.4847683700744989E-010   140706.98867253889     
   15.400000000000000        1.4747756903723453E-010   155496.62423436457     
   15.500000000000000        1.4648288034612112E-010   171840.76424940367     
   15.600000000000001        1.4549277312015656E-010   189902.79621290020     
   15.700000000000001        1.4450722476231016E-010   209863.28028261958     
   15.800000000000001        1.4352622868213805E-010   231921.75415761484     
   15.900000000000000        1.4254977645271395E-010   256298.72764924067     
   16.000000000000000        1.4157785499808691E-010   283237.88688059989     
   16.100000000000001        1.4061045085302084E-010   313008.53014578560     
   16.200000000000003        1.3964755974301834E-010   345908.25977567141     
   16.300000000000001        1.3868916121971912E-010   382265.95691572881     
   16.399999999999999        1.3773524944198188E-010   422445.06894893624     
   16.500000000000000        1.3678581672943331E-010   466847.24242164497     
   16.600000000000001        1.3584084115003925E-010   515916.33778341464     
   16.700000000000003        1.3490032522798682E-010   570142.86606787599     
   16.800000000000001        1.3396425131413223E-010   630068.89185880707     
   16.899999999999999        1.3303260148521373E-010   696293.45154583384     
   17.000000000000000        1.3210537739967471E-010   769478.54102420609     
   17.100000000000001        1.3118256104767893E-010   850355.73268434638     
   17.200000000000003        1.3026414091197193E-010   939733.48782617308     
   17.300000000000001        1.2935010951841521E-010   1038505.2375835007     
   17.399999999999999        1.2844045153237428E-010   1147658.3131244513     
   17.500000000000000        1.2753516296181717E-010   1268283.8143816888     
   17.600000000000001        1.2663422569154570E-010   1401587.5159460730     
   17.700000000000003        1.2573762782190747E-010   1548901.9191228237     
   17.800000000000001        1.2484536221687653E-010   1711699.5706041583     
   17.899999999999999        1.2395742351572715E-010   1891607.7808708968     
   18.000000000000000        1.2307379372317762E-010   2090424.8894243806     
   18.100000000000001        1.2219445896923032E-010   2310138.2394089908     
   18.200000000000003        1.2131941082227986E-010   2552944.0412689028     
   18.300000000000001        1.2044864134871781E-010   2821269.3239615248     
   18.399999999999999        1.1958214045631277E-010   3117796.1931124972     
   18.500000000000000        1.1871988821098370E-010   3445488.6385522070     
   18.600000000000001        1.1786188040824757E-010   3807622.1591514284     
   18.700000000000003        1.1700810753504448E-010   4207816.5010287641     
   18.800000000000001        1.1615855450283656E-010   4650071.8363164403     
   18.899999999999999        1.1531321531584134E-010   5138808.7440540912     
   19.000000000000000        1.1447207597110823E-010   5678912.3927770825     
   19.100000000000001        1.1363512050075548E-010   6275781.3663549637     
   19.200000000000003        1.1280234533968541E-010   6935381.6210377226     
   19.300000000000001        1.1197373716648700E-010   7664306.1129454356     
   19.399999999999999        1.1114928334169213E-010   8469840.6919030473     
   19.500000000000000        1.1032897385394611E-010   9360036.9201434571     
   19.600000000000001        1.0951279892938615E-010   10343792.543603646     
   19.700000000000003        1.0870074783221938E-010   11430940.420011794     
   19.800000000000001        1.0789280667221742E-010   12632346.792473130     
   19.899999999999999        1.0708896198738158E-010   13960019.890651962     
   20.000000000000000        1.0628921373251508E-010   15427229.944851328     
   20.100000000000001        1.0549354052807902E-010   17048641.812339664     
   20.200000000000003        1.0470193738251985E-010   18840461.541306958     
   20.300000000000001        1.0391438975292548E-010   20820598.337109447     
   20.399999999999999        1.0313088875661370E-010   23008843.549373060     
   20.500000000000000        1.0235142044602409E-010   25427068.468611676     
   20.600000000000001        1.0157597998062710E-010   28099442.908972431     
   20.700000000000003        1.0080454812916256E-010   31052676.761429779     
   20.800000000000001        1.0003712031312152E-010   34316286.931282900     
   20.899999999999999        9.9273681039456821E-011   37922892.327463791     
   21.000000000000000        9.8514225369732525E-011   41908539.851471692     
   21.100000000000001        9.7758737601086167E-011   46313064.643509120     
   21.199999999999999        9.7007209426959220E-011   51180488.185703881     
   21.300000000000001        9.6259621131522913E-011   56559458.240586244     
   21.400000000000002        9.5515975602016835E-011   62503735.021008000     
   21.500000000000000        9.4776255069220914E-011   69072728.449656859     
   21.600000000000001        9.4040447721192189E-011   76332091.876802295     
   21.699999999999999        9.3308542629258416E-011   84354378.189049035     
   21.800000000000001        9.2580530643838771E-011   93219764.865288451     
   21.900000000000002        9.1856400716313940E-011   103016855.22494842     
   22.000000000000000        9.1136139658439615E-011   113843563.87495880     
   22.100000000000001        9.0419740455427643E-011   125808095.20314409     
   22.199999999999999        8.9707189216196002E-011   139030024.69544947     
   22.300000000000001        8.8998473550904905E-011   153641493.88181353     
   22.400000000000002        8.8293586786148462E-011   169788530.85081643     
   22.500000000000000        8.7592515458103689E-011   187632509.52788663     
   22.600000000000001        8.6895250118252554E-011   207351762.29830974     
   22.699999999999999        8.6201778286785808E-011   229143362.08840510     
   22.800000000000001        8.5512087865565457E-011   253225091.71141267     
   22.900000000000002        8.4826171178486757E-011   279837620.15560275     
   23.000000000000000        8.4144019428490899E-011   309246907.55980688     
   23.100000000000001        8.3465608974295365E-011   341746862.90639800     
   23.199999999999999        8.2790946859456434E-011   377662280.98671055     
   23.300000000000001        8.2120008929115438E-011   417352087.98416090     
   23.400000000000002        8.1452789456830179E-011   461212928.10368657     
   23.500000000000000        8.0789279333222863E-011   509683127.08360505     
   23.600000000000001        8.0129458249116488E-011   563247072.19133210     
   23.699999999999999        7.9473327052256747E-011   622440052.46544623     
   23.800000000000001        7.8820868932434294E-011   687853607.56489551     
   23.900000000000002        7.8172074430944783E-011   760141438.66737509     
   24.000000000000000        7.7526933340763305E-011   840025940.47431540     
   24.100000000000001        7.6885432495266888E-011   928305419.58503687     
   24.200000000000003        7.6247561401290224E-011   1025862071.3598880     
   24.300000000000001        7.5613309975371882E-011   1133670794.9698734     
   24.400000000000002        7.4982669364634092E-011   1252808934.7041142     
   24.500000000000000        7.4355624223857869E-011   1384467044.8600445     
   24.600000000000001        7.3732166754306062E-011   1529960785.7673051     
   24.700000000000003        7.3112286687992037E-011   1690744069.7963941     
   24.800000000000001        7.2495972153871901E-011   1868423588.6907971     
   24.900000000000002        7.1883210771810648E-011   2064774867.3608623     
   25.000000000000000        7.1273991746268907E-011   2281760004.5268769     
   25.100000000000001        7.0668307550870156E-011   2521547277.4507442     
   25.200000000000003        7.0066144920147513E-011   2786532806.6171250     
   25.300000000000001        6.9467492294578694E-011   3079364496.8040075     
   25.400000000000002        6.8872340805386146E-011   3402968493.7227688     
   25.500000000000000        6.8280676335819792E-011   3760578420.5375581     
   25.600000000000001        6.7692492587960450E-011   4155767686.3440914     
   25.700000000000003        6.7107775894954599E-011   4592485189.3747540     
   25.800000000000001        6.6526516435550924E-011   5075094771.6089563     
   25.900000000000002        6.5948702155048016E-011   5608418818.9415817     
   26.000000000000000        6.5374322667522298E-011   6197786442.4734497     
   26.100000000000001        6.4803370135535397E-011   6849086722.2505150     
   26.200000000000003        6.4235825977094125E-011   7568827545.3466825     
   26.300000000000001        6.3671687435404348E-011   8364200626.0689793     
   26.400000000000002        6.3110940871693504E-011   9243153357.8164539     
   26.500000000000000        6.2553575486180066E-011   10214468214.364468     
   26.600000000000001        6.1999579892381368E-011   11287850493.758137     
   26.700000000000003        6.1448942785805027E-011   12474025281.328686     
   26.800000000000001        6.0901655342136219E-011   13784844600.436005     
   26.900000000000002        6.0357703148925983E-011   15233405821.300591     
   27.000000000000000        5.9817079764385035E-011   16834182510.740211     
   27.100000000000001        5.9279772601963668E-011   18603169029.894012     
   27.200000000000003        5.8745769234657502E-011   20558040324.333740     
   27.300000000000001        5.8215063275965037E-011   22718328502.712440     
   27.400000000000002        5.7687640736214033E-011   25105617967.785381     
   27.500000000000000        5.7163487175196210E-011   27743761048.942986     
   27.600000000000001        5.6642597942017836E-011   30659116290.168289     
   27.700000000000003        5.6124960594462022E-011   33880811773.609531     
   27.800000000000001        5.5610564130056055E-011   37441036109.017052     
   27.900000000000002        5.5099398429664413E-011   41375359995.611649     
   28.000000000000000        5.4591449307254867E-011   45723091568.301765     
   28.100000000000001        5.4086708174211091E-011   50527669077.598740     
   28.200000000000003        5.3585164992983305E-011   55837094825.442490     
   28.300000000000001        5.3086808361941058E-011   61704414691.205528     
   28.400000000000002        5.2591629985206431E-011   68188248037.461380     
   28.500000000000000        5.2099612083690446E-011   75353373288.264908     
   28.600000000000001        5.1610753166558153E-011   83271375028.714020     
   28.700000000000003        5.1125034996098601E-011   92021359088.970001     
   28.800000000000001        5.0642450325551236E-011   101690742754.89417     
   28.900000000000002        5.0162988619452016E-011   112376127997.73843     
   29.000000000000000        4.9686636085021767E-011   124184266444.42520     
   29.100000000000001        4.9213386572567706E-011   137233125726.16162     
   29.200000000000003        4.8743223995481330E-011   151653067855.54797     
   29.300000000000001        4.8276143256484077E-011   167588151401.14697     
   29.400000000000002        4.7812131024476814E-011   185197570464.77505     
   29.500000000000000        4.7351175243979367E-011   204657244832.94318     
   29.600000000000001        4.6893266881667753E-011   226161577183.57449     
   29.700000000000003        4.6438394725887300E-011   249925394897.34692     
   29.800000000000001        4.5986546583326176E-011   276186095866.53790     
   29.900000000000002        4.5537714430769985E-011   305206019731.34991     
   30.000000000000000        4.5091886935829273E-011   337275068224.81342     
   30.100000000000001        4.4649052422748680E-011   372713600794.95007     
   30.200000000000003        4.4209174649216539E-011   411875634421.69769     
   30.300000000000001        4.3772295916991419E-011   455152379583.73035     
   30.400000000000002        4.3338376799270539E-011   502976147686.93378     
   30.500000000000000        4.2907408265172113E-011   555824668975.49854     
   30.600000000000001        4.2479379841112216E-011   614225864045.50073     
   30.700000000000003        4.2054279564066048E-011   678763116610.06470     
   30.800000000000001        4.1632099301994490E-011   750081100170.40698     
   30.900000000000002        4.1212825078895532E-011   828892216777.79932     
   31.000000000000000        4.0796450240900834E-011   915983712183.17065     
   31.100000000000001        4.0382960563026264E-011   1012225538424.8066     
   31.200000000000003        3.9972345433929736E-011   1118579042367.5071     
   31.300000000000001        3.9564598377985146E-011   1236106566953.4736     
   31.400000000000002        3.9159702813640053E-011   1365982061038.2290     
   31.500000000000000        3.8757651041342253E-011   1509502803754.9263     
   31.600000000000001        3.8358434452702861E-011   1668102360478.5063     
   31.700000000000003        3.7962038724008531E-011   1843364899757.4006     
   31.800000000000001        3.7568455405949024E-011   2037041014168.9038     
   31.900000000000002        3.7177673265232648E-011   2251065203069.3267     
   32.000000000000000        3.6789681315237833E-011   2487575191802.2671     
   32.100000000000001        3.6404468624107125E-011   2748933280263.4224     
   32.200000000000003        3.6022026514086859E-011   3037749933980.3853     
   32.299999999999997        3.5642340427078410E-011   3356909853254.7329     
   32.400000000000006        3.5265404838891559E-011   3709600780652.9658     
   32.500000000000000        3.4891204476146834E-011   4099345334470.8359     
   32.600000000000001        3.4519733213217986E-011   4530036186004.9062     
   32.700000000000003        3.4150976691596056E-011   5005974931846.3838     
   32.799999999999997        3.3784925689165519E-011   5531915049300.0771     
   32.900000000000006        3.3421568765554849E-011   6113109363792.5752     
   33.000000000000000        3.3060819084194916E-011   6755362502175.6221     
   33.100000000000001        3.2702823856481258E-011   7465088855603.9951     
   33.200000000000003        3.2347487772307151E-011   8249376630665.4502     
   33.299999999999997        3.1994805317037849E-011   9116058628216.7812     
   33.400000000000006        3.1644765067028226E-011   10073790456537.662     
   33.500000000000000        3.1297354782968386E-011   11132136959623.930     
   33.600000000000001        3.0952564939026353E-011   12301667723447.348     
   33.700000000000003        3.0610387631183083E-011   13594062613621.998     
   33.799999999999997        3.0270809243446677E-011   15022228398051.855     
   33.900000000000006        2.9933818284428814E-011   16600427618778.229     
   34.000000000000000        2.9599406657525662E-011   18344420999512.230     
   34.100000000000001        2.9267561651532351E-011   20271624810444.598     
   34.200000000000003        2.8938274590326867E-011   22401284761213.566     
   34.299999999999997        2.8611535249383635E-011   24754668157887.148     
   34.400000000000006        2.8287329873831653E-011   27355276242105.359     
   34.500000000000000        2.7965650858630573E-011   30229078831964.191     
   34.600000000000001        2.7646487678155751E-011   33404773606814.348     
   34.700000000000003        2.7329829468339248E-011   36914072624104.859     
   34.799999999999997        2.7015663297587025E-011   40792018928194.672     
   34.900000000000006        2.6703982462632704E-011   45077336411380.703     
   35.000000000000000        2.6394773148075890E-011   49812816419254.070     
   35.100000000000001        2.6088026946957336E-011   55045744959212.500     
   35.200000000000003        2.5783731594790994E-011   60828374776164.680     
   35.299999999999997        2.5481878113983421E-011   67218447007234.648     
   35.400000000000006        2.5182454212807685E-011   74279767622053.672     
   35.500000000000000        2.4885452926002464E-011   82082844401952.156     
   35.600000000000001        2.4590860387672293E-011   90705590815516.703     
   35.700000000000003        2.4298667407683631E-011   100234103815535.66     
   35.799999999999997        2.4008864020418068E-011   110763523320031.66     
   35.900000000000006        2.3721437635821072E-011   122398981955197.50     
   36.000000000000000        2.3436379555359692E-011   135256654538743.19     
   36.100000000000001        2.3153678786455883E-011   149464917777450.97     
   36.200000000000003        2.2873324030394939E-011   165165631752477.44     
   36.299999999999997        2.2595307374112175E-011   182515555981204.47     
   36.400000000000006        2.2319616001776065E-011   201687914187245.50     
   36.500000000000000        2.2046240457994585E-011   222874123394022.97     
   36.600000000000001        2.1775169810426969E-011   246285704596939.28     
   36.700000000000003        2.1506393091381864E-011   272156394080882.44     
   36.799999999999997        2.1239900349096132E-011   300744476451746.12     
   36.900000000000006        2.0975681852649871E-011   332335362662792.06     
   37.000000000000000        2.0713728026928085E-011   367244438760977.38     
   37.100000000000001        2.0454025645037938E-011   405820213779442.38     
   37.200000000000003        2.0196565651410648E-011   448447798186784.88     
   37.300000000000004        1.9941338331562503E-011   495552747601714.56     
   37.399999999999999        1.9688332232395697E-011   547605310125663.25     
   37.500000000000000        1.9437537429625321E-011   605125119672657.62     
   37.600000000000001        1.9188944655504147E-011   668686382124978.25     
   37.700000000000003        1.8942540137156004E-011   738923606059720.88     
   37.800000000000004        1.8698316775446066E-011   816537935223791.00     
   37.899999999999999        1.8456262691501748E-011   902304145937745.25     
   38.000000000000000        1.8216368583806877E-011   997078379241904.12     
   38.100000000000001        1.7978622605353046E-011   1101806684927331.2     
   38.200000000000003        1.7743015544744940E-011   1217534462693075.2     
   38.300000000000004        1.7509536858197911E-011   1345416894619679.8     
   38.399999999999999        1.7278175046510111E-011   1486730473037172.5     
   38.500000000000000        1.7048920735727474E-011   1642885738791907.2     
   38.600000000000001        1.6821764958779168E-011   1815441356989282.5     
   38.700000000000003        1.6596715292652943E-011   2006119670630123.5     
   38.800000000000004        1.6373722036047456E-011   2216823887298403.2     
   38.899999999999999        1.6152793479903341E-011   2449657070346204.0     
   39.000000000000000        1.5933921403448402E-011   2706943124018867.5     
   39.100000000000001        1.5717094219216887E-011   2991249981849647.0     
   39.200000000000003        1.5502302655029976E-011   3305415229627094.5     
   39.300000000000004        1.5289535310292879E-011   3652574418518211.5     
   39.399999999999999        1.5078783089953836E-011   4036192350758629.0     
   39.500000000000000        1.4870035204988000E-011   4460097649965946.5     
   39.600000000000001        1.4663279570386660E-011   4928520960886881.0     
   39.700000000000003        1.4458509336124746E-011   5446137159583352.0     
   39.800000000000004        1.4255711303575752E-011   6018111995053959.0     
   39.899999999999999        1.4054898788323551E-011   6650153627476486.0     
   40.000000000000000        1.3856017295212915E-011   7348569577084865.0     
   40.100000000000001        1.3659077447982020E-011   8120329651643357.0     
   40.200000000000003        1.3464070718866953E-011   8973135480096653.0     
   40.300000000000004        1.3270984187681462E-011   9915497345841566.0     
   40.399999999999999        1.3079811657347798E-011   10956819085849762.     
   40.500000000000000        1.2890539865560324E-011   12107491902290554.     
   40.600000000000001        1.2703159125345331E-011   13378998022161706.     
   40.700000000000003        1.2517660325921602E-011   14784025238622538.     
   40.800000000000004        1.2334032266485667E-011   16336593476209606.     
   40.899999999999999        1.2152264666865402E-011   18052194641988924.     
   41.000000000000000        1.1972347724834642E-011   19947947157150208.     
   41.100000000000001        1.1794271112672816E-011   22042766709896280.     
   41.200000000000003        1.1618024101981475E-011   24357554932192872.     
   41.300000000000004        1.1443596717570126E-011   26915407881612808.     
   41.399999999999999        1.1270955745261014E-011   29741846406938352.     
   41.500000000000000        1.1100138448926714E-011   32865070694321000.     
   41.600000000000001        1.0931085978195769E-011   36316241531824688.     
   41.700000000000003        1.0763837080375615E-011   40129791096498568.     
   41.800000000000004        1.0598356411953503E-011   44343766362386928.     
   41.899999999999999        1.0434634000478672E-011   49000208553012472.     
   42.000000000000000        1.6059370654816095E-011   54145572421125384.     
   42.100000000000001        2.2402566629833713E-011   59831189535441304.     
   42.200000000000003        2.8307168757867935E-011   66113780192689968.     
   42.300000000000004        3.3609578992221501E-011   73056019057878512.     
   42.399999999999999        3.8261459305064172E-011   80727160171132320.     
   42.500000000000000        4.2274750326731439E-011   89203727551077488.     
   42.600000000000001        4.5691098585141588E-011   98570278278417440.     
   42.700000000000003        4.8565067602198843E-011   1.0892024566561288E+017
   42.800000000000004        5.0954278329915465E-011   1.2035687091659690E+017
   42.899999999999999        5.2914893026256220E-011   1.3299423256220834E+017
   43.000000000000000        5.4499213964042760E-011   1.4695838393126445E+017
   43.100000000000001        5.5754706614345196E-011   1.6238860999361862E+017
   43.200000000000003        5.6723801170355316E-011   1.7943881610094218E+017
   43.300000000000004        5.7444104163953377E-011   1.9827906246504314E+017
   43.400000000000006        5.7948689894520265E-011   2.1909725966552742E+017
   43.500000000000000        5.8266605004975305E-011   2.4210104208284806E+017
   43.600000000000001        5.8423256646602855E-011   2.6751983792535389E+017
   43.700000000000003        5.8440853991412788E-011   2.9560715647734458E+017
   43.800000000000004        5.8338810386440093E-011   3.2664311535907923E+017
   43.900000000000006        5.8133966292531589E-011   3.6093723298047584E+017
   44.000000000000000        5.7841095588938582E-011   3.9883151401180902E+017
   44.100000000000001        5.7473030647356531E-011   4.4070385861339443E+017
   44.200000000000003        5.7040948028550089E-011   4.8697182939093498E+017
   44.300000000000004        5.6554570984186145E-011   5.3809681360619757E+017
   44.400000000000006        5.6022351354811664E-011   5.9458862210923622E+017
   44.500000000000000        5.5451631650006588E-011   6.5701057080786317E+017
   44.600000000000001        5.4848920696810809E-011   7.2598509529560947E+017
   44.700000000000003        5.4219471022342768E-011   8.0219995456887629E+017
   44.800000000000004        5.3568213609136454E-011   8.8641508563042598E+017
   44.900000000000006        5.2899292230945277E-011   9.7947017725765197E+017
   45.000000000000000        5.2216408856575641E-011   1.0822930383752630E+018
   45.100000000000001        5.1522502864923058E-011   1.1959088443839708E+018
   45.200000000000003        5.0820203636546746E-011   1.3214503535384640E+018
   45.300000000000004        5.0111909958653667E-011   1.4601691951261340E+018
   45.400000000000006        4.9399589231976167E-011   1.6134483418688512E+018
   45.500000000000000        4.8684958950440630E-011   1.7828158907599101E+018
   45.600000000000001        4.7969475465781174E-011   1.9699602895740844E+018
   45.700000000000003        4.7254394592624795E-011   2.1767471606800154E+018
   45.800000000000004        4.6540788322919418E-011   2.4052378896848855E+018
   45.900000000000006        4.5829577056979587E-011   2.6577101640081505E+018
   46.000000000000000        4.5121545016923374E-011   2.9366806658904084E+018
   46.100000000000001        4.4417249109775800E-011   3.2449301457869307E+018
   46.200000000000003        4.3717460747050133E-011   3.5855311257870193E+018
   46.300000000000004        4.3022552490817514E-011   3.9618785088756193E+018
   46.400000000000006        4.2332928936100791E-011   4.3777233987721795E+018
   46.500000000000000        4.1648927463918677E-011   4.8372104670325596E+018
   46.600000000000001        4.0970976929026414E-011   5.3449192393984891E+018
   46.700000000000003        4.0299013991695383E-011   5.9059097123783148E+018
   46.800000000000004        3.9633542437202855E-011   6.5257727541304218E+018
   46.900000000000006        3.8974402250754869E-011   7.2106857913217362E+018
   47.000000000000000        3.8321878654904949E-011   7.9674743362276977E+018
   47.100000000000001        3.7676192456327599E-011   8.8036799664418376E+018
   47.200000000000003        3.7037149908512595E-011   9.7276354337570079E+018
   47.300000000000004        3.6405066726113496E-011   1.0748547649700880E+019
   47.400000000000006        3.5779911204098078E-011   1.1876589373559628E+019
   47.500000000000000        3.5161599116902531E-011   1.3123000515288146E+019
   47.600000000000001        3.4550366677842036E-011   1.4500200061337266E+019
   47.700000000000003        3.3946003402539661E-011   1.6021909737083902E+019
   47.800000000000004        3.3348700214205308E-011   1.7703290636276007E+019
   47.900000000000006        3.2758224466233031E-011   1.9561094176858579E+019
   48.000000000000000        3.2174954538492860E-011   2.1613828885014524E+019
   48.100000000000001        3.1598503483906295E-011   2.3881944666648060E+019
   48.200000000000003        3.1029111674746696E-011   2.6388036399417303E+019
   48.300000000000004        3.0466487889055468E-011   2.9157068870529221E+019
   48.400000000000006        2.9910771203863362E-011   3.2216625297727644E+019
   48.500000000000000        2.9361934647787052E-011   3.5597181905361416E+019
   48.600000000000001        2.8820082394851404E-011   3.9332411286440747E+019
   48.700000000000003        2.8284898140946993E-011   4.3459517567726289E+019
   48.800000000000004        2.7756509257800661E-011   4.8019606711026860E+019
   48.900000000000006        2.7234989945589398E-011   5.3058095633102512E+019
   49.000000000000000        2.6719721690476072E-011   5.8625164212379828E+019
   49.100000000000001        2.6210940803346032E-011   6.4776254676900798E+019
   49.200000000000003        2.5709355385704264E-011   7.1572623338776273E+019
   49.300000000000004        2.5214360340339074E-011   7.9081950160570548E+019
   49.400000000000006        2.4726123377938776E-011   8.7379012213689123E+019
   49.500000000000000        2.4243790675834826E-011   9.6546427723621532E+019
   49.600000000000001        2.3768113735815818E-011   1.0667547809819299E+020
   49.700000000000003        2.3298514680543667E-011   1.1786701610965828E+020
   49.800000000000004        2.2834954441831368E-011   1.3023246925731077E+020
   49.900000000000006        2.2378011312040186E-011   1.4389494828267128E+020
   50.000000000000000        2.1927308395540190E-011   1.5899047185374911E+020
   50.100000000000001        2.1483121905816471E-011   1.7566931958857875E+020
   50.200000000000003        2.1045864586983087E-011   1.9409752686274871E+020
   50.300000000000004        2.0616078256040126E-011   2.1445853625358048E+020
   50.400000000000006        2.0190162813587460E-011   2.3695502202888919E+020
   50.500000000000000        1.9770959856235459E-011   2.6181090580635949E+020
   50.600000000000001        1.9357636520711954E-011   2.8927358340748201E+020
   50.700000000000003        1.8950805092433135E-011   3.1961638502649941E+020
   50.800000000000004        1.8549772305813278E-011   3.5314129315082286E+020
   50.900000000000006        1.8154590396092241E-011   3.9018194522762353E+020
   51.000000000000000        1.7769653871356478E-011   4.3110695089733252E+020
   51.100000000000001        1.7385209443357242E-011   4.7632355673654834E+020
   51.200000000000003        1.7006873395909549E-011   5.2628169490105958E+020
   51.300000000000004        1.6635929255437402E-011   5.8147845586899770E+020
   51.400000000000006        1.6269162018785963E-011   6.4246302969157229E+020
   51.500000000000000        1.5908129990309517E-011   7.0984216480678910E+020
   51.600000000000001        1.5551949620484176E-011   7.8428619860546119E+020
   51.700000000000003        1.5201426955557204E-011   8.6653571960980649E+020
   51.800000000000004        1.4857205591500367E-011   9.5740892738919137E+020
   51.900000000000006        1.4517834581476942E-011   1.0578097632568084E+021
   52.000000000000000        1.4184292337907494E-011   1.1687368924339683E+021
   52.100000000000001        1.3857809176974578E-011   1.2912936268111101E+021
   52.200000000000003        1.3536605448292681E-011   1.4266988867592635E+021
   52.300000000000004        1.3221579368077773E-011   1.5762993107460872E+021
   52.400000000000006        1.2914472575148741E-011   1.7415826328872241E+021
   52.500000000000000        1.2611945136244976E-011   1.9241924611302071E+021
   52.600000000000001        1.2334704031198345E-011   2.1259446026480737E+021
   52.700000000000003        1.2041606430327304E-011   2.3488450983507625E+021
   52.800000000000004        1.1753882970996124E-011   2.5951101453558124E+021
   52.900000000000006        1.1471615029132518E-011   2.8671881049628727E+021
   53.000000000000000        1.1205845196127001E-011   3.1677838143345284E+021
   53.100000000000001        1.0939998161794988E-011   3.4998854429024862E+021
   53.200000000000003        1.0690583421081696E-011   3.8667941597186003E+021
   53.300000000000004        1.0438373549214252E-011   4.2721569058044919E+021
   53.400000000000006        1.0186837811564500E-011   4.7200025962949860E+021
   53.500000000000000        9.9445391343866992E-012   5.2147821111237044E+021
   53.600000000000001        9.7104342163779660E-012   5.7614124704995004E+021
   53.700000000000003        9.4658356401745539E-012   6.3653256328385596E+021
   53.800000000000004        9.2492151961833560E-012   7.0325223985600371E+021
   53.900000000000006        9.0836230569552821E-012   7.7696319536716789E+021
   54.000000000000000        9.3277301060116675E-012   8.5839776428669471E+021
   54.100000000000001        9.1092623234512299E-012   9.4836496234744434E+021
   54.200000000000003        8.9473838366753457E-012   1.0477585119653881E+022
   54.300000000000004        8.7333978303215916E-012   1.1575657071391472E+022
   54.400000000000006        8.5293194830314027E-012   1.2788772055847153E+022
   54.500000000000000        8.3541790112438492E-012   1.4128978450274331E+022
   54.600000000000001        8.1730953907885807E-012   1.5609585906962401E+022
   54.700000000000003        8.1012333886164965E-012   1.7245297322445941E+022
   54.800000000000004        7.9262911268624610E-012   1.9052354606687280E+022
   54.900000000000006        7.7469862059089269E-012   2.1048699694272855E+022
   55.000000000000000        7.6073711126691317E-012   2.3254152390226783E+022
   55.100000000000001        7.4409984962191063E-012   2.5690606809312758E+022
   55.200000000000003        7.2847274898161626E-012   2.8382248351288063E+022
   55.300000000000004        7.1371786147464845E-012   3.1355793357338835E+022
   55.400000000000006        7.0213978924626062E-012   3.4640753816798453E+022
   55.500000000000000        6.9945742803958282E-012   3.8269729740489841E+022
   55.600000000000001        6.9461309067419494E-012   4.2278732090026802E+022
   55.700000000000003        6.9156322501915337E-012   4.6707539453861276E+022
   55.800000000000004        7.0075129753355898E-012   5.1600091993728675E+022
   55.900000000000006        7.1311447794107514E-012   5.7004926552695565E+022
   56.000000000000000        7.1508243095314254E-012   6.2975657221840060E+022
   56.100000000000001        7.2197041145142999E-012   6.9571506110723032E+022
   56.200000000000003        7.3298280604811100E-012   7.6857889561575437E+022
   56.300000000000004        7.5804234281154830E-012   8.4907065593437608E+022
   56.400000000000006        7.7466482193030396E-012   9.3798848965674216E+022
   56.500000000000000        8.3307081465236558E-012   1.0362140091624923E+023
   56.600000000000001        8.5998167438884477E-012   1.1447210136544667E+023
   56.700000000000003        9.0708516649839515E-012   1.2645851218751638E+023
   56.800000000000004        9.4355839260540619E-012   1.3969944104901378E+023
   56.900000000000006        9.5178716863134977E-012   1.5432611630208449E+023
   57.000000000000000        9.8564355812205051E-012   1.7048348451339259E+023
   57.100000000000001        1.0323131478380983E-011   1.8833164341540561E+023
   57.200000000000003        1.1037816855637433E-011   2.0804742439814561E+023
   57.300000000000004        1.1617320244602606E-011   2.2982614012936793E+023
   57.400000000000006        1.0581327196181171E-011   2.5388351451364610E+023
   57.500000000000000        8.4995738036659264E-012   2.8045781399201492E+023
   57.600000000000001        4.0383402199815724E-012   3.0981220116107275E+023
   57.700000000000003        4.1736372593653167E-012   3.4223733387296130E+023
   57.800000000000004        5.3521782346215711E-012   3.7805423538693217E+023
   57.900000000000006        5.8491030465910331E-012   4.1761746380245227E+023
   58.000000000000000        7.5145529839765986E-012   4.6131861193915147E+023
   58.100000000000001        9.6723028659857520E-012   5.0959017206882313E+023
   58.200000000000003        2.7024536077364293E-010   5.6290980348058644E+023
   58.300000000000004        2.9430979684406559E-010   6.2180504480726511E+023
   58.400000000000006        2.3077349986153232E-010   6.8685851739697277E+023
   58.500000000000000        2.4980993855204870E-010   7.5871367082154385E+023
   58.600000000000001        1.9063251029869203E-010   8.3808112691905200E+023
   58.700000000000003        3.9531965498887182E-011   9.2574568462301177E+023
   58.800000000000004        2.2367606223189769E-010   1.0225740542926815E+024
   58.900000000000006        7.6898466758443940E-011   1.1295233973893876E+024
   59.000000000000000        1.0091221688675618E-010   1.2476507552123925E+024
   59.100000000000001        2.9338002648268969E-010   1.3781234590908827E+024
   59.200000000000003        4.6646766249476383E-011   1.5222306240086450E+024
   59.300000000000004        2.0386892449552739E-009   1.6813958382099659E+024
   59.400000000000006        1.5399504487223962E-010   1.8571911729985249E+024
   59.500000000000000        7.2627980197153661E-011   2.0513526498095790E+024
   59.600000000000001        3.9115278703152341E-010   2.2657973158338141E+024
   59.700000000000003        3.6921000149601839E-010   2.5026420951335456E+024
   59.800000000000004        2.8584574015765575E-011   2.7642245994720683E+024
   59.900000000000006        4.0426991349876691E-011   3.0531261021373637E+024
   60.000000000000000        1.0499950710783015E-010   3.3721968990683724E+024
   60.100000000000001        6.6246918299072403E-009   3.7245843047849878E+024
   60.200000000000003        1.8518038002122669E-009   4.1137635562035393E+024
   60.300000000000004        4.6191295787123349E-010   4.5435719256360054E+024
   60.400000000000006        3.7074061368674702E-010   5.0182463753877496E+024
   60.500000000000000        1.4686018286951689E-009   5.5424651206866836E+024
   60.600000000000001        4.0991360965543511E-010   6.1213935055218696E+024
   60.700000000000003        8.3350040444847258E-010   6.7607346376994262E+024
   60.800000000000004        9.1662031425309845E-009   7.4667852754413758E+024
   60.900000000000006        1.0852742309814104E-008   8.2464975085868712E+024
   61.000000000000000        1.2266596861740119E-008   9.1075468333927581E+024
   61.100000000000001        8.9499712686679600E-009   1.0058407281598363E+025
   61.200000000000003        1.0536780431709581E-008   1.1108434332399199E+025
   61.300000000000004        8.9630194397113138E-008   1.2267956410910440E+025
   61.400000000000006        5.8278063010832060E-008   1.3548375859293029E+025
   61.500000000000000        6.4043468998940832E-008   1.4962280357749580E+025
   61.600000000000001        5.8209646286821988E-008   1.6523565872912240E+025
   61.700000000000003        9.4118747782703527E-008   1.8247572321696855E+025
   61.800000000000004        3.0015566867005575E-007   2.0151233260505614E+025
   61.900000000000006        2.4020084456152735E-007   2.2253241043867080E+025
   62.000000000000000        2.6432817378651173E-007   2.4574229044448685E+025
   62.100000000000001        5.1051977225082357E-007   2.7136972689247543E+025
   62.200000000000003        1.2955832940490308E-006   2.9966611246146123E+025
   62.300000000000004        1.2690598537241681E-006   3.3090892492588870E+025
   62.400000000000006        1.2423489760949329E-006   3.6540442615684209E+025
   62.500000000000000        2.3553366304505286E-006   4.0349063932598204E+025
   62.600000000000001        2.2797881542272439E-006   4.4554063283818708E+025
   62.700000000000003        2.7067362518921135E-006   4.9196614242190286E+025
   62.800000000000004        3.0691428295748328E-006   5.4322156600145118E+025
   62.900000000000006        3.1799248784327357E-006   5.9980836949191960E+025
   63.000000000000000        3.1458219144650017E-006   6.6227994552645778E+025
   63.100000000000001        4.4685085990677229E-006   7.3124697138251211E+025
   63.200000000000003        4.0096725861250443E-006   8.0738331705559105E+025
   63.300000000000004        5.7770005154234997E-006   8.9143255957854020E+025
   63.400000000000006        8.6884686805341532E-006   9.8421516534640226E+025
   63.500000000000000        1.2192423756202380E-005   1.0866364084313628E+026
   63.600000000000001        8.4111484089477012E-006   1.1996950997139161E+026
   63.700000000000003        2.3507579673499834E-005   1.3244932091739033E+026
   63.800000000000004        2.4973748021701928E-005   1.4622464719451694E+026
   63.900000000000006        2.1807750985983364E-005   1.6142960778083157E+026
   64.000000000000000        2.6731741786964487E-005   1.7821215537576224E+026
   64.099999999999994        3.6331465770075871E-005   1.9673549602125817E+026
   64.200000000000003        7.1635817560976710E-005   2.1717965334438614E+026
   64.300000000000011        9.0348179590174556E-005   2.3974319199487391E+026
   64.400000000000006        1.3340251646816459E-004   2.6464511629470516E+026
   64.500000000000000        1.5004978614747749E-004   2.9212696169959675E+026
   64.599999999999994        1.3804707209965592E-004   3.2245509840663310E+026
   64.700000000000003        1.2753866867240506E-004   3.5592326834195161E+026
   64.800000000000011        2.8455760833135014E-004   3.9285537884264098E+026
   64.900000000000006        3.6294115231862070E-004   4.3360857862310837E+026
   65.000000000000000        6.7165344758009736E-004   4.7857664410594794E+026
   65.099999999999994        7.2826309024298012E-004   5.2819370691893555E+026
   65.200000000000003        1.0806644550318356E-003   5.8293835633287260E+026
   65.300000000000011        7.9684627260592691E-004   6.4333815366110118E+026
   65.400000000000006        1.3037241761581998E-003   7.0997459918243956E+026
   65.500000000000000        1.2390795475753771E-003   7.8348859600928358E+026
   65.599999999999994        1.1758009976339354E-003   8.6458645952649188E+026
   65.700000000000003        1.1139311316289832E-003   9.5404652560069259E+026
   65.800000000000011        1.0535173174241691E-003   1.0527264157315963E+027
   65.900000000000006        9.9461210034772402E-004   1.1615710227142242E+027
   66.000000000000000        9.3727366472458199E-004   1.2816212862334516E+027
   66.099999999999994        8.8156627437221621E-004   1.4140238341492215E+027
   66.200000000000003        8.2756073765179335E-004   1.5600415720805682E+027
   66.300000000000011        7.7533488716895747E-004   1.7210653112886402E+027
   66.400000000000006        7.2497407032245649E-004   1.8986265328201631E+027
   66.500000000000000        6.7657171362373405E-004   2.0944113944266318E+027
   66.599999999999994        6.3022996899026287E-004   2.3102760959438134E+027
   66.700000000000003        5.8606054756268813E-004   2.5482637286130576E+027
   66.800000000000011        5.4418575155487496E-004   2.8106227442636720E+027
   66.900000000000006        5.0473994437961371E-004   3.0998271913466393E+027
   67.000000000000000        4.6787159212560096E-004   3.4185988765031990E+027
   67.099999999999994        4.3374610476696387E-004   3.7699316226361602E+027
   67.200000000000003        4.0254983721005436E-004   4.1571178072706064E+027
   67.300000000000011        3.7449563985345101E-004   4.5837773782666915E+027
   67.400000000000006        3.4983050604736572E-004   5.0538895575620743E+027
   67.500000000000000        3.2884592505049126E-004   5.5718274574164685E+027
   67.599999999999994        3.1189178496327392E-004   6.1423958473868302E+027
   67.700000000000003        2.9939478289112760E-004   6.7708723236978976E+027
