  0.10000000000000001       0.25388856018284017     
  0.15000000000000002       0.25376428240488741     
  0.20000000000000001       0.25360322797310614     
  0.25000000000000000       0.25341057154156421     
  0.30000000000000004       0.25319077577852700     
  0.35000000000000003       0.25294768659208067     
  0.40000000000000002       0.25268461637891171     
  0.45000000000000001       0.25240441658109997     
  0.50000000000000000       0.25210954072344871     
  0.55000000000000004       0.25180209914325025     
  0.60000000000000009       0.25148390638800994     
  0.65000000000000002       0.25115652228135799     
  0.70000000000000007       0.25082128730669312     
  0.75000000000000000       0.25047935321022180     
  0.80000000000000004       0.25013170944361135     
  0.85000000000000009       0.24977920584124741     
  0.90000000000000002       0.24942257227653356     
  0.95000000000000007       0.24906243549929816     
   1.0000000000000000       0.24869933363679916     
   1.0500000000000000       0.24833372872906229     
   1.1000000000000001       0.24796601741378194     
   1.1500000000000001       0.24759654020979385     
   1.2000000000000002       0.24722558937827752     
   1.2500000000000000       0.24685341580353276     
   1.3000000000000000       0.24648023481323478     
   1.3500000000000001       0.24610623124461145     
   1.4000000000000001       0.24573156371188234     
   1.4500000000000002       0.24535636833955587     
   1.5000000000000000       0.24498076198141766     
   1.5500000000000000       0.24460484490037521     
   1.6000000000000001       0.24422870315112993     
   1.6500000000000001       0.24385241055240267     
   1.7000000000000002       0.24347603047938232     
   1.7500000000000000       0.24309961732009636     
   1.8000000000000000       0.24272321774731173     
   1.8500000000000001       0.24234687179111591     
   1.9000000000000001       0.24197061380458260     
   1.9500000000000002       0.24159447330260297     
   2.0000000000000000       0.24121847557721707     
   2.0500000000000003       0.24084264233701119     
   2.1000000000000001       0.24046699224021847     
   2.1499999999999999       0.24009154123300086     
   2.2000000000000002       0.23971630306657027     
   2.2500000000000000       0.23934128948301944     
   2.3000000000000003       0.23896651058982246     
   2.3500000000000001       0.23859197507904981     
   2.4000000000000004       0.23821769036388110     
   2.4500000000000002       0.23784366283674727     
   2.5000000000000000       0.23746989797559365     
   2.5500000000000003       0.23709640046943797     
   2.6000000000000001       0.23672317435082271     
   2.6500000000000004       0.23635022308337622     
   2.7000000000000002       0.23597754962291276     
   2.7500000000000000       0.23560515653599037     
   2.8000000000000003       0.23523304598553385     
   2.8500000000000001       0.23486121984305938     
   2.9000000000000004       0.23448967974435331     
   2.9500000000000002       0.23411842704658203     
   3.0000000000000000       0.23374746295313267     
   3.0500000000000003       0.23337678844611170     
   3.1000000000000001       0.23300640441810153     
   3.1500000000000004       0.23263631162350007     
   3.2000000000000002       0.23226651070146873     
   3.2500000000000000       0.23189700219289211     
   3.3000000000000003       0.23152778657777484     
   3.3500000000000001       0.23115886424589854     
   3.4000000000000004       0.23079023554731729     
   3.4500000000000002       0.23042190079477348     
   3.5000000000000000       0.23005386022625318     
   3.5500000000000003       0.22968611406905093     
   3.6000000000000001       0.22931866251443631     
   3.6500000000000004       0.22895150571506062     
   3.7000000000000002       0.22858464380638346     
   3.7500000000000000       0.22821807690330650     
   3.8000000000000003       0.22785180512190395     
   3.8500000000000001       0.22748582853815899     
   3.9000000000000004       0.22712014722409343     
   3.9500000000000002       0.22675476125639230     
   4.0000000000000000       0.22638967068598942     
   4.0499999999999998       0.22602487553774062     
   4.1000000000000005       0.22566037586152596     
   4.1500000000000004       0.22529617170627356     
   4.2000000000000002       0.22493226308666517     
   4.2500000000000000       0.22456865003297677     
   4.2999999999999998       0.22420533256120703     
   4.3500000000000005       0.22384231069443050     
   4.4000000000000004       0.22347958444301599     
   4.4500000000000002       0.22311715381363073     
   4.5000000000000000       0.22275501882526802     
   4.5499999999999998       0.22239317949572843     
   4.6000000000000005       0.22203163581812949     
   4.6500000000000004       0.22167038780860748     
   4.7000000000000002       0.22130943546029438     
   4.7500000000000000       0.22094877877920038     
   4.8000000000000007       0.22058841777954660     
   4.8500000000000005       0.22022835245040553     
   4.9000000000000004       0.21986858280435956     
   4.9500000000000002       0.21950910884164596     
   5.0000000000000000       0.21914993055832291     
   5.0500000000000007       0.21879104797297672     
   5.1000000000000005       0.21843246106106415     
   5.1500000000000004       0.21807416983098879     
   5.2000000000000002       0.21771617428230355     
   5.2500000000000000       0.21735847442713865     
   5.3000000000000007       0.21700107024883394     
   5.3500000000000005       0.21664396174966150     
   5.4000000000000004       0.21628714894015064     
   5.4500000000000002       0.21593063180270311     
   5.5000000000000000       0.21557441035343120     
   5.5500000000000007       0.21521848458888207     
   5.6000000000000005       0.21486285449610501     
   5.6500000000000004       0.21450752007888957     
   5.7000000000000002       0.21415248133632908     
   5.7500000000000000       0.21379773827848494     
   5.8000000000000007       0.21344329089272041     
   5.8500000000000005       0.21308913918705594     
   5.9000000000000004       0.21273528312651557     
   5.9500000000000002       0.21238172275494327     
   6.0000000000000000       0.21202845804980405     
   6.0500000000000007       0.21167548900012101     
   6.1000000000000005       0.21132281563127830     
   6.1500000000000004       0.21097043792190076     
   6.2000000000000002       0.21061835588607630     
   6.2500000000000000       0.21026656951530662     
   6.3000000000000007       0.20991507879216875     
   6.3500000000000005       0.20956388372868076     
   6.4000000000000004       0.20921298432620922     
   6.4500000000000002       0.20886238057087203     
   6.5000000000000000       0.20851207248211703     
   6.5500000000000007       0.20816206004234361     
   6.6000000000000005       0.20781234325344800     
   6.6500000000000004       0.20746292211673728     
   6.7000000000000002       0.20711379662158644     
   6.7500000000000000       0.20676496678077930     
   6.8000000000000007       0.20641643256878611     
   6.8500000000000005       0.20606819401988916     
   6.9000000000000004       0.20572025111061082     
   6.9500000000000002       0.20537260384032704     
   7.0000000000000000       0.20502525219961537     
   7.0500000000000007       0.20467819621497002     
   7.1000000000000005       0.20433143586207311     
   7.1500000000000004       0.20398497113867589     
   7.2000000000000002       0.20363880205296014     
   7.2500000000000000       0.20329292860695014     
   7.3000000000000007       0.20294735077770668     
   7.3500000000000005       0.20260206858562207     
   7.4000000000000004       0.20225708203228043     
   7.4500000000000002       0.20191239108886355     
   7.5000000000000000       0.20156799576956475     
   7.5500000000000007       0.20122389607708105     
   7.6000000000000005       0.20088009200681051     
   7.6500000000000004       0.20053658355525703     
   7.7000000000000002       0.20019337072120486     
   7.7500000000000000       0.19985045349867409     
   7.8000000000000007       0.19950783190974389     
   7.8500000000000005       0.19916550591777404     
   7.9000000000000004       0.19882347555561511     
   7.9500000000000002       0.19848174079148401     
   8.0000000000000000       0.19814030163845592     
   8.0500000000000007       0.19779915809584861     
   8.0999999999999996       0.19745831015815660     
   8.1500000000000004       0.19711775781770222     
   8.2000000000000011       0.19677750108127587     
   8.2500000000000000       0.19643753994971877     
   8.3000000000000007       0.19609787441876386     
   8.3499999999999996       0.19575850448918919     
   8.4000000000000004       0.19541943015131055     
   8.4500000000000011       0.19508065141175088     
   8.5000000000000000       0.19474216826044094     
   8.5500000000000007       0.19440398069843118     
   8.5999999999999996       0.19406608873120199     
   8.6500000000000004       0.19372849235450121     
   8.7000000000000011       0.19339119156909426     
   8.7500000000000000       0.19305418636245658     
   8.8000000000000007       0.19271747675165654     
   8.8499999999999996       0.19238106271733710     
   8.9000000000000004       0.19204494425465149     
   8.9500000000000011       0.19170912138562951     
   9.0000000000000000       0.19137359408470728     
   9.0500000000000007       0.19103836236696614     
   9.0999999999999996       0.19070342621488801     
   9.1500000000000004       0.19036878563600163     
   9.2000000000000011       0.19003444064263345     
   9.2500000000000000       0.18970039120201321     
   9.3000000000000007       0.18936663733296011     
   9.3499999999999996       0.18903317902701725     
   9.4000000000000004       0.18870001629055305     
   9.4500000000000011       0.18836714910651547     
   9.5000000000000000       0.18803457748325936     
   9.5500000000000007       0.18770230143030844     
   9.6000000000000014       0.18737032093277284     
   9.6500000000000004       0.18703863598675624     
   9.7000000000000011       0.18670724660041260     
   9.7500000000000000       0.18637615277409639     
   9.8000000000000007       0.18604535449778389     
   9.8500000000000014       0.18571485176236588     
   9.9000000000000004       0.18538464457623108     
   9.9500000000000011       0.18505473292736876     
   10.000000000000000       0.18472511682530141     
   10.050000000000001       0.18439579628460157     
   10.100000000000001       0.18406677126923218     
   10.150000000000000       0.18373804179526920     
   10.200000000000001       0.18340960785927807     
   10.250000000000000       0.18308146946245457     
   10.300000000000001       0.18275362660075395     
   10.350000000000001       0.18242607927279225     
   10.400000000000000       0.18209882747011857     
   10.450000000000001       0.18177187120042740     
   10.500000000000000       0.18144521045805287     
   10.550000000000001       0.18111884524516966     
   10.600000000000001       0.18079277555682402     
   10.650000000000000       0.18046700138591729     
   10.700000000000001       0.18014152273916187     
   10.750000000000000       0.17981633961566795     
   10.800000000000001       0.17949145200275349     
   10.850000000000001       0.17916685991022382     
   10.900000000000000       0.17884256333004550     
   10.950000000000001       0.17851856226458304     
   11.000000000000000       0.17819485670099441     
   11.050000000000001       0.17787144665380619     
   11.100000000000001       0.17754833211889748     
   11.150000000000000       0.17722551308876050     
   11.200000000000001       0.17690298956376493     
   11.250000000000000       0.17658076153289354     
   11.300000000000001       0.17625882900352374     
   11.350000000000001       0.17593719197335669     
   11.400000000000000       0.17561585044280523     
   11.450000000000001       0.17529480439388728     
   11.500000000000000       0.17497405385220660     
   11.550000000000001       0.17465359879001480     
   11.600000000000001       0.17433343922121236     
   11.650000000000000       0.17401357514084831     
   11.700000000000001       0.17369400654713188     
   11.750000000000000       0.17337473344000687     
   11.800000000000001       0.17305575581119786     
   11.850000000000001       0.17273707366419783     
   11.900000000000000       0.17241868699872265     
   11.950000000000001       0.17210059581066425     
   12.000000000000000       0.17178280009687971     
   12.050000000000001       0.17146529985379208     
   12.100000000000001       0.17114809508219955     
   12.150000000000000       0.17083118578013334     
   12.200000000000001       0.17051457194208944     
   12.250000000000000       0.17019825357197879     
   12.300000000000001       0.16988223067112029     
   12.350000000000001       0.16956650323138697     
   12.400000000000000       0.16925107125530983     
   12.450000000000001       0.16893593474709762     
   12.500000000000000       0.16862109368940223     
   12.550000000000001       0.16830654808961720     
   12.600000000000001       0.16799229792965323     
   12.650000000000000       0.16767834322895575     
   12.700000000000001       0.16736468397879209     
   12.750000000000000       0.16705132016720750     
   12.800000000000001       0.16673825180600707     
   12.850000000000001       0.16642547889752718     
   12.900000000000000       0.16611300142043886     
   12.950000000000001       0.16580081939064781     
   13.000000000000000       0.16548893280224386     
   13.050000000000001       0.16517734164906106     
   13.100000000000001       0.16486604593146270     
   13.150000000000000       0.16455504564744491     
   13.200000000000001       0.16424434080472158     
   13.250000000000000       0.16393393138465451     
   13.300000000000001       0.16362381738984277     
   13.350000000000001       0.16331399882055544     
   13.400000000000000       0.16300447567207749     
   13.450000000000001       0.16269524794411286     
   13.500000000000000       0.16238631562972652     
   13.550000000000001       0.16207767874080048     
   13.600000000000001       0.16176933726747303     
   13.650000000000000       0.16146129121259029     
   13.700000000000001       0.16115354056527884     
   13.750000000000000       0.16084608533039688     
   13.800000000000001       0.16053892550041396     
   13.850000000000001       0.16023206108109000     
   13.900000000000000       0.15992549206480774     
   13.950000000000001       0.15961921844761512     
   14.000000000000000       0.15931324023639984     
   14.050000000000001       0.15900755741781641     
   14.100000000000001       0.15870217000005987     
   14.150000000000000       0.15839707798095146     
   14.200000000000001       0.15809228134714842     
   14.250000000000000       0.15778778010442654     
   14.300000000000001       0.15748357425322396     
   14.350000000000001       0.15717966379688889     
   14.400000000000000       0.15687604871730340     
   14.450000000000001       0.15657272902709071     
   14.500000000000000       0.15626970471488352     
   14.550000000000001       0.15596697577884866     
   14.600000000000001       0.15566454221763196     
   14.650000000000000       0.15536240404010451     
   14.700000000000001       0.15506056123039255     
   14.750000000000000       0.15475901379320808     
   14.800000000000001       0.15445776172340681     
   14.850000000000001       0.15415680502349757     
   14.900000000000000       0.15385614368390002     
   14.950000000000001       0.15355577771105164     
   15.000000000000000       0.15325570710297115     
   15.050000000000001       0.15295593185025250     
   15.100000000000001       0.15265645195429087     
   15.150000000000000       0.15235726740995223     
   15.200000000000001       0.15205837822382234     
   15.250000000000000       0.15175978438847360     
   15.300000000000001       0.15146148590504169     
   15.350000000000001       0.15116348277068559     
   15.400000000000000       0.15086577497615686     
   15.450000000000001       0.15056836252807773     
   15.500000000000000       0.15027124542525702     
   15.550000000000001       0.14997442365622360     
   15.600000000000001       0.14967789721794802     
   15.650000000000000       0.14938166611583231     
   15.700000000000001       0.14908573035481804     
   15.750000000000000       0.14879008991886472     
   15.800000000000001       0.14849474481372835     
   15.850000000000001       0.14819969503580560     
   15.900000000000000       0.14790494057865025     
   15.950000000000001       0.14761048144719019     
   16.000000000000000       0.14731631763946929     
   16.050000000000001       0.14702244914499374     
   16.100000000000001       0.14672887597220774     
   16.150000000000002       0.14643559810452736     
   16.199999999999999       0.14614261555796701     
   16.250000000000000       0.14584992831671331     
   16.300000000000001       0.14555753638735669     
   16.350000000000001       0.14526543976187040     
   16.400000000000002       0.14497363842720409     
   16.449999999999999       0.14468213240185804     
   16.500000000000000       0.14439092167482234     
   16.550000000000001       0.14410000624622185     
   16.600000000000001       0.14380938610942395     
   16.650000000000002       0.14351906126937802     
   16.699999999999999       0.14322903171898271     
   16.750000000000000       0.14293929745541464     
   16.800000000000001       0.14264985847471151     
   16.850000000000001       0.14236071478242848     
   16.900000000000002       0.14207186636727281     
   16.949999999999999       0.14178331323672252     
   17.000000000000000       0.14149505538827281     
   17.050000000000001       0.14120709281148530     
   17.100000000000001       0.14091942551234521     
   17.150000000000002       0.14063205348344099     
   17.199999999999999       0.14034497671786814     
   17.250000000000000       0.14005819522622226     
   17.300000000000001       0.13977170899665320     
   17.350000000000001       0.13948551802323070     
   17.400000000000002       0.13919962231016805     
   17.449999999999999       0.13891402186117632     
   17.500000000000000       0.13862871666537147     
   17.550000000000001       0.13834370672307231     
   17.600000000000001       0.13805899202749713     
   17.650000000000002       0.13777457258524045     
   17.699999999999999       0.13749044838417582     
   17.750000000000000       0.13720661943870513     
   17.800000000000001       0.13692308573129550     
   17.850000000000001       0.13663984726227896     
   17.900000000000002       0.13635690402875039     
   17.949999999999999       0.13607425603197135     
   18.000000000000000       0.13579190327166762     
   18.050000000000001       0.13550984573937408     
   18.100000000000001       0.13522808343270903     
   18.150000000000002       0.13494661635709559     
   18.199999999999999       0.13466544450372023     
   18.250000000000000       0.13438456787203157     
   18.300000000000001       0.13410398646468424     
   18.350000000000001       0.13382370026908111     
   18.400000000000002       0.13354370928911030     
   18.449999999999999       0.13326401352023901     
   18.500000000000000       0.13298461296076672     
   18.550000000000001       0.13270550760905608     
   18.600000000000001       0.13242669746533284     
   18.650000000000002       0.13214818252854466     
   18.699999999999999       0.13186996278739585     
   18.750000000000000       0.13159203824874202     
   18.800000000000001       0.13131440890522253     
   18.850000000000001       0.13103707475618953     
   18.900000000000002       0.13076003579899440     
   18.949999999999999       0.13048329203141770     
   19.000000000000000       0.13020684344834732     
   19.050000000000001       0.12993069005415780     
   19.100000000000001       0.12965483184353224     
   19.150000000000002       0.12937926881055647     
   19.200000000000003       0.12910400095359836     
   19.250000000000000       0.12882902827079867     
   19.300000000000001       0.12855435076311028     
   19.350000000000001       0.12827996842191938     
   19.400000000000002       0.12800588124845697     
   19.450000000000003       0.12773208924738785     
   19.500000000000000       0.12745859240225885     
   19.550000000000001       0.12718539072147364     
   19.600000000000001       0.12691248419360113     
   19.650000000000002       0.12663987282906694     
   19.700000000000003       0.12636755661510582     
   19.750000000000000       0.12609553555198941     
   19.800000000000001       0.12582380963374823     
   19.850000000000001       0.12555237886355966     
   19.900000000000002       0.12528124324194156     
   19.950000000000003       0.12501040275237027     
   20.000000000000000       0.12473985740565605     
   20.050000000000001       0.12446960720069875     
   20.100000000000001       0.12419965212601815     
   20.150000000000002       0.12392999217828905     
   20.200000000000003       0.12366062736390518     
   20.250000000000000       0.12339155767216514     
   20.300000000000001       0.12312278310633210     
   20.350000000000001       0.12285430366559880     
   20.400000000000002       0.12258611934386196     
   20.450000000000003       0.12231823013543779     
   20.500000000000000       0.12205063604109612     
   20.550000000000001       0.12178333705909944     
   20.600000000000001       0.12151633318185233     
   20.650000000000002       0.12124962441429089     
   20.700000000000003       0.12098321075103642     
   20.750000000000000       0.12071709218339123     
   20.800000000000001       0.12045126871402662     
   20.850000000000001       0.12018574034561809     
   20.900000000000002       0.11992050707197045     
   20.950000000000003       0.11965556888431961     
   21.000000000000000       0.11939092578537228     
   21.050000000000001       0.11912657777389091     
   21.100000000000001       0.11886252485369700     
   21.150000000000002       0.11859876700251097     
   21.200000000000003       0.11833530423359039     
   21.250000000000000       0.11807213654085562     
   21.300000000000001       0.11780926392121877     
   21.350000000000001       0.11754668636913203     
   21.400000000000002       0.11728440388471327     
   21.450000000000003       0.11702241646953095     
   21.500000000000000       0.11676072411058142     
   21.550000000000001       0.11649932681383429     
   21.600000000000001       0.11623822457286014     
   21.650000000000002       0.11597741739247834     
   21.700000000000003       0.11571690525912898     
   21.750000000000000       0.11545668817783200     
   21.800000000000001       0.11519676614299024     
   21.850000000000001       0.11493713915236599     
   21.900000000000002       0.11467780719801682     
   21.950000000000003       0.11441877028604076     
   22.000000000000000       0.11416002840953424     
   22.050000000000001       0.11390158156409053     
   22.100000000000001       0.11364342975330928     
   22.150000000000002       0.11338557296244862     
   22.200000000000003       0.11312801119940721     
   22.250000000000000       0.11287074446161602     
   22.300000000000001       0.11261377273796479     
   22.350000000000001       0.11235709603386207     
   22.400000000000002       0.11210071434493568     
   22.450000000000003       0.11184462766789317     
   22.500000000000000       0.11158883599523201     
   22.550000000000001       0.11133333932870247     
   22.600000000000001       0.11107813767209510     
   22.650000000000002       0.11082323101182562     
   22.700000000000003       0.11056861934718432     
   22.750000000000000       0.11031430268060788     
   22.800000000000001       0.11006028100454270     
   22.850000000000001       0.10980655431677332     
   22.900000000000002       0.10955312261732396     
   22.950000000000003       0.10929998590013233     
   23.000000000000000       0.10904714416825849     
   23.050000000000001       0.10879459741269759     
   23.100000000000001       0.10854234562763525     
   23.150000000000002       0.10829038882107939     
   23.200000000000003       0.10803872698127635     
   23.250000000000000       0.10778736010362343     
   23.300000000000001       0.10753628819260920     
   23.350000000000001       0.10728551123954630     
   23.400000000000002       0.10703502925184306     
   23.450000000000003       0.10678484221392806     
   23.500000000000000       0.10653495013007175     
   23.550000000000001       0.10628535299475737     
   23.600000000000001       0.10603605081076196     
   23.650000000000002       0.10578704356722732     
   23.700000000000003       0.10553833126286052     
   23.750000000000000       0.10528991389949975     
   23.800000000000001       0.10504179146669218     
   23.850000000000001       0.10479396396810801     
   23.900000000000002       0.10454643139706962     
   23.950000000000003       0.10429919375264153     
   24.000000000000000       0.10405225102752698     
   24.050000000000001       0.10380560322849619     
   24.100000000000001       0.10355925034951330     
   24.150000000000002       0.10331319238449704     
   24.200000000000003       0.10306742932775557     
   24.250000000000000       0.10282196118131171     
   24.300000000000001       0.10257678793994546     
   24.350000000000001       0.10233190959487259     
   24.400000000000002       0.10208732614973889     
   24.450000000000003       0.10184303760766864     
   24.500000000000000       0.10159904395251125     
   24.550000000000001       0.10135534518975281     
   24.600000000000001       0.10111194131621287     
   24.650000000000002       0.10086883232540056     
   24.700000000000003       0.10062601821941378     
   24.750000000000000       0.10038349899114468     
   24.800000000000001       0.10014127463656923     
   24.850000000000001        9.9899345152442753E-002
   24.900000000000002        9.9657710538399086E-002
   24.950000000000003        9.9416370791008388E-002
   25.000000000000000        9.9175325906991380E-002
   25.050000000000001        9.8934575880141568E-002
   25.100000000000001        9.8694120713056610E-002
   25.150000000000002        9.8453960398849918E-002
   25.200000000000003        9.8214094933426380E-002
   25.250000000000000        9.7974524319625070E-002
   25.300000000000001        9.7735248540856121E-002
   25.350000000000001        9.7496267609646747E-002
   25.400000000000002        9.7257581516868613E-002
   25.450000000000003        9.7019190248419637E-002
   25.500000000000000        9.6781092738142852E-002
   25.550000000000001        9.6543191629071240E-002
   25.600000000000001        9.6296430503574615E-002
   25.650000000000002        9.5183133687066268E-002
   25.700000000000003        3.9162555694529727E-002
   25.750000000000000        6.2135969315692187E-004
   25.800000000000001        8.0702383335253772E-004
   25.850000000000001        1.0465985964720145E-003
   25.900000000000002        1.3536041329628753E-003
   25.950000000000003        1.7439815038300087E-003
   26.000000000000000        2.2360948950912837E-003
   26.050000000000001        2.8505226097467634E-003
   26.100000000000001        3.6095640889934571E-003
   26.150000000000002        4.5363995027802523E-003
   26.200000000000003        5.6538656881905324E-003
   26.250000000000000        6.9828604940701030E-003
   26.300000000000001        8.5404552494068395E-003
   26.350000000000001        1.0337873451747000E-002
   26.400000000000002        1.2378566629928461E-002
   26.450000000000003        1.4656664339710902E-002
   26.500000000000000        1.7156073808764154E-002
   26.550000000000001        1.9850444024699730E-002
   26.600000000000001        2.2703134653668262E-002
   26.650000000000002        6.6192389110067877E-003
   26.700000000000003        6.1611921103877601E-004
   26.750000000000000        7.9696379090804200E-004
   26.800000000000001        1.0286041435841619E-003
   26.850000000000001        1.3229769402307106E-003
   26.900000000000002        1.6937974535956312E-003
   26.950000000000003        2.1563832708618525E-003
   27.000000000000000        2.7272613987636349E-003
   27.050000000000001        3.4235130493553635E-003
   27.100000000000001        4.2618323964964512E-003
   27.150000000000002        5.2573134152493232E-003
   27.200000000000003        6.4220308074287424E-003
   27.250000000000000        7.7635398226682962E-003
   27.300000000000001        9.2834727353451642E-003
   27.350000000000001        1.0976440596625994E-002
   27.400000000000002        1.2829442634040684E-002
   27.450000000000003        1.4821934368934699E-002
   27.500000000000000        1.6472031775480119E-002
   27.550000000000001        5.4130229826467708E-004
   27.600000000000001        6.9749201754771032E-004
   27.650000000000002        8.9662193970019299E-004
   27.700000000000003        1.1483437145513484E-003
   27.750000000000000        1.4635511709353323E-003
   27.800000000000001        1.8541480270173639E-003
   27.850000000000001        2.3326310788003104E-003
   27.900000000000002        2.9114642384081508E-003
   27.950000000000003        3.6022429717320818E-003
   28.000000000000000        4.4146842802829942E-003
   28.050000000000001        5.3555204991491820E-003
   28.100000000000001        6.4274175990890340E-003
   28.150000000000002        7.6280687435639283E-003
   28.200000000000003        8.9496194405385351E-003
   28.250000000000000        1.0378553590817935E-002
   28.300000000000001        1.1869665479498397E-002
   28.350000000000001        5.0082240168421849E-004
   28.400000000000002        6.4236465123419383E-004
   28.450000000000003        8.2157056195877572E-004
   28.500000000000000        1.0463401411467254E-003
   28.550000000000001        1.3253449283733645E-003
   28.600000000000001        1.6677368806950709E-003
   28.650000000000002        2.0827032739525794E-003
   28.700000000000003        2.5788645208267729E-003
   28.750000000000000        3.1635374800689305E-003
   28.800000000000001        3.8419187159664130E-003
   28.850000000000001        4.6162744578278235E-003
   28.900000000000002        5.4852481451338328E-003
   28.950000000000003        6.4434031641257819E-003
   29.000000000000000        7.4811009747674734E-003
   29.050000000000001        8.5847725110664071E-003
   29.100000000000001        9.7375804046509352E-003
   29.150000000000002        1.0920404714052373E-002
   29.200000000000003        1.2113031436628313E-002
   29.250000000000000        1.3295394259586925E-002
   29.300000000000001        1.4448721515029482E-002
   29.350000000000001        1.5556469138401009E-002
   29.400000000000002        1.6604966667276642E-002
   29.450000000000003        1.7583754247524435E-002
   29.500000000000000        1.8485632955120367E-002
   29.550000000000001        1.9306481466233892E-002
   29.600000000000001        2.0044907122073199E-002
   29.650000000000002        2.0701800594273775E-002
   29.700000000000003        2.1279854763698279E-002
   29.750000000000000        2.1783094656187371E-002
   29.800000000000001        2.2216450173564939E-002
   29.850000000000001        2.2585389602663115E-002
   29.900000000000002        2.2895620850855735E-002
   29.950000000000003        2.3152859488900650E-002
   30.000000000000000        2.3362657684847882E-002
   30.050000000000001        2.3530285519448985E-002
   30.100000000000001        2.3660655292111293E-002
   30.150000000000002        2.3758279658006313E-002
   30.200000000000003        2.3827255367783171E-002
   30.250000000000000        2.3871265570006725E-002
   30.300000000000001        2.3893594949833015E-002
   30.350000000000001        2.3897153161157356E-002
   30.400000000000002        2.3884503120721400E-002
   30.450000000000003        2.3857891602467179E-002
   30.500000000000000        2.3819280327819121E-002
   30.550000000000001        2.3770376299712122E-002
   30.600000000000001        2.3712660583039065E-002
   30.650000000000002        2.3647415049567959E-002
   30.700000000000003        2.3575746844149717E-002
   30.750000000000000        2.3498610489664184E-002
   30.800000000000001        2.3416827667680551E-002
   30.850000000000001        2.3331104784354337E-002
   30.900000000000002        2.3242048460242359E-002
   30.950000000000003        2.3150179128866497E-002
   31.000000000000000        2.3055942913781973E-002
   31.050000000000001        2.2959721968804955E-002
   31.100000000000001        2.2861843452861959E-002
   31.150000000000002        2.2762587294943640E-002
   31.200000000000003        2.2662192908652044E-002
   31.250000000000000        2.2560864972211707E-002
   31.300000000000001        2.2458778415269796E-002
   31.350000000000001        2.2356082691829444E-002
   31.400000000000002        2.2252905464554017E-002
   31.450000000000003        2.2149355754338622E-002
   31.500000000000000        2.2045526645385390E-002
   31.550000000000001        2.1941497602910445E-002
   31.600000000000001        2.1837336453816251E-002
   31.650000000000002        2.1733101084490211E-002
   31.700000000000003        2.1628840892307964E-002
   31.750000000000000        2.1524598025181588E-002
   31.800000000000001        2.1420408443018082E-002
   31.850000000000001        2.1316302824265422E-002
   31.900000000000002        2.1212307337555081E-002
   31.950000000000003        2.1108444303534785E-002
   32.000000000000000        2.1004732761388974E-002
   32.050000000000004        2.0901188946653059E-002
   32.100000000000001        2.0797826707415895E-002
   32.149999999999999        2.0694657850949202E-002
   32.200000000000003        2.0591692446140293E-002
   32.250000000000000        2.0488939078133379E-002
   32.300000000000004        2.0386405065416179E-002
   32.350000000000001        2.0284096648299468E-002
   32.399999999999999        2.0182019145477788E-002
   32.450000000000003        2.0080177091810630E-002
   32.500000000000000        1.9978574351599721E-002
   32.550000000000004        1.9877214217696948E-002
   32.600000000000001        1.9776099496383266E-002
   32.649999999999999        1.9675232578974366E-002
   32.700000000000003        1.9574615502318600E-002
   32.750000000000000        1.9474250001153142E-002
   32.800000000000004        1.9374137552806793E-002
   32.850000000000001        1.9274279415334696E-002
   32.899999999999999        1.9174676659706152E-002
   32.950000000000003        1.9075330196364565E-002
   33.000000000000000        1.8976240800539359E-002
   33.050000000000004        1.8877409131413121E-002
   33.100000000000001        1.8778835748057700E-002
   33.149999999999999        1.8680521127932160E-002
   33.200000000000003        1.8582465673655263E-002
   33.250000000000000        1.8484669727616674E-002
   33.300000000000004        1.8387133580151517E-002
   33.350000000000001        1.8289857476310841E-002
   33.399999999999999        1.8192841624666403E-002
   33.450000000000003        1.8096086199696642E-002
   33.500000000000000        1.7999591349485530E-002
   33.550000000000004        1.7903357198046942E-002
   33.600000000000001        1.7807383848945542E-002
   33.649999999999999        1.7711671389493502E-002
   33.700000000000003        1.7616219891395276E-002
   33.750000000000000        1.7521029414940392E-002
   33.800000000000004        1.7426100008506959E-002
   33.850000000000001        1.7331431713027663E-002
   33.899999999999999        1.7237024559976419E-002
   33.950000000000003        1.7142878575753733E-002
   34.000000000000000        1.7048993780211175E-002
   34.050000000000004        1.6955370188916782E-002
   34.100000000000001        1.6862007812728754E-002
   34.149999999999999        1.6768906659362686E-002
   34.200000000000003        1.6676066732990980E-002
   34.250000000000000        1.6583488036629426E-002
   34.300000000000004        1.6491170569771979E-002
   34.350000000000001        1.6399114330057796E-002
   34.399999999999999        1.6307319314795680E-002
   34.450000000000003        1.6215785518349943E-002
   34.500000000000000        1.6124512934168649E-002
   34.550000000000004        1.6033501556078560E-002
   34.600000000000001        1.5942751375323787E-002
   34.649999999999999        1.5852262382845591E-002
   34.700000000000003        1.5762034569926781E-002
   34.750000000000000        1.5672067926412389E-002
   34.800000000000004        1.5582362441290650E-002
   34.850000000000001        1.5492918103506998E-002
   34.899999999999999        1.5403734901947254E-002
   34.950000000000003        1.5314812824309907E-002
   35.000000000000000        1.5226151859075197E-002
   35.050000000000004        1.5137751993882337E-002
   35.100000000000001        1.5049613216519221E-002
   35.149999999999999        1.4961735513717987E-002
   35.200000000000003        1.4874118872542818E-002
   35.250000000000000        1.4786763280117743E-002
   35.300000000000004        1.4699668722999855E-002
   35.350000000000001        1.4612835188207881E-002
   35.399999999999999        1.4526262661412799E-002
   35.450000000000003        1.4439951129142092E-002
   35.500000000000000        1.4353900577936916E-002
   35.550000000000004        1.4268110993724197E-002
   35.600000000000001        1.4182582362091908E-002
   35.649999999999999        1.4097314669170505E-002
   35.700000000000003        1.4012307900957003E-002
   35.750000000000000        1.3927562042670700E-002
   35.800000000000004        1.3843077079595175E-002
   35.850000000000001        1.3758852997805065E-002
   35.899999999999999        1.3674889782063642E-002
   35.950000000000003        1.3591187418014126E-002
   36.000000000000000        1.3507745890529459E-002
   36.050000000000004        1.3424565184814889E-002
   36.100000000000001        1.3341645285672275E-002
   36.149999999999999        1.3258986178156832E-002
   36.200000000000003        1.3176587846945949E-002
   36.250000000000000        1.3094450276412439E-002
   36.300000000000004        1.3012573451391864E-002
   36.350000000000001        1.2930957356172350E-002
   36.399999999999999        1.2849601975683954E-002
   36.450000000000003        1.2768507293699282E-002
   36.500000000000000        1.2687673294801815E-002
   36.550000000000004        1.2607099962627955E-002
   36.600000000000001        1.2526787281592065E-002
   36.649999999999999        1.2446735235416525E-002
   36.700000000000003        1.2366943807874778E-002
   36.750000000000000        1.2287412982990343E-002
   36.800000000000004        1.2208142743735653E-002
   36.850000000000001        1.2129133074246911E-002
   36.899999999999999        1.2050383957703263E-002
   36.950000000000003        1.1971895377303077E-002
   37.000000000000000        1.1893667316348382E-002
   37.050000000000004        1.1815699758003766E-002
   37.100000000000001        1.1737992684969400E-002
   37.149999999999999        1.1660546080771569E-002
   37.200000000000003        1.1583359927483878E-002
   37.250000000000000        1.1506434208075096E-002
   37.300000000000004        1.1429768905038560E-002
   37.350000000000001        1.1353364001029383E-002
   37.399999999999999        1.1277219478349717E-002
   37.450000000000003        1.1201335318927261E-002
   37.500000000000000        1.1125711505372010E-002
   37.550000000000004        1.1050348019719406E-002
   37.600000000000001        1.0975244843439294E-002
   37.649999999999999        1.0900401958680556E-002
   37.700000000000003        1.0825819346945376E-002
   37.750000000000000        1.0751496989486952E-002
   37.800000000000004        1.0677434868309823E-002
   37.850000000000001        1.0603632964513979E-002
   37.899999999999999        1.0530091259265460E-002
   37.950000000000003        1.0456809733689463E-002
   38.000000000000000        1.0383788368503823E-002
   38.050000000000004        1.0311027144594640E-002
   38.100000000000001        1.0238526042992888E-002
   38.149999999999999        1.0166285043958959E-002
   38.200000000000003        1.0094304128005905E-002
   38.250000000000000        1.0022583275375238E-002
   38.300000000000004        9.9511224664743572E-003
   38.350000000000001        9.8799216811999591E-003
   38.400000000000006        9.8089808995875348E-003
   38.450000000000003        9.7383001013343021E-003
   38.500000000000000        9.6678792660369519E-003
   38.550000000000004        9.5977183731744686E-003
   38.600000000000001        9.5278174021724057E-003
   38.650000000000006        9.4581763323736273E-003
   38.700000000000003        9.3887951428157038E-003
   38.750000000000000        9.3196738125495612E-003
   38.800000000000004        9.2508123204193115E-003
   38.850000000000001        9.1822106447336585E-003
   38.900000000000006        9.1138687642048043E-003
   38.950000000000003        9.0457866572062826E-003
   39.000000000000000        8.9779643020317934E-003
   39.050000000000004        8.9104016765881242E-003
   39.100000000000001        8.8430987589315866E-003
   39.150000000000006        8.7760555269031440E-003
   39.200000000000003        8.7092719578528831E-003
   39.250000000000000        8.6427480292623014E-003
   39.300000000000004        8.5764837185843303E-003
   39.350000000000001        8.5104790028132683E-003
   39.400000000000006        8.4447338589649368E-003
   39.450000000000003        8.3792482638669549E-003
   39.500000000000000        8.3140221941380814E-003
   39.550000000000004        8.2490556261714931E-003
   39.600000000000001        8.1843485363297525E-003
   39.650000000000006        8.1199009005725777E-003
   39.700000000000003        8.0557126950987351E-003
   39.750000000000000        7.9917838955804055E-003
   39.800000000000004        7.9281144776350097E-003
   39.850000000000001        7.8647044166313112E-003
   39.900000000000006        7.8015536876746222E-003
   39.950000000000003        7.7386622660040889E-003
   40.000000000000000        7.6760301262838978E-003
   40.050000000000004        7.6136572434244137E-003
   40.100000000000001        7.5515435916734940E-003
   40.150000000000006        7.4896891455331705E-003
   40.200000000000003        7.4280938790764897E-003
   40.250000000000000        7.3667577662333743E-003
   40.300000000000004        7.3056807806660354E-003
   40.350000000000001        7.2448628958830313E-003
   40.400000000000006        7.1843040851886347E-003
   40.450000000000003        7.1240043216715537E-003
   40.500000000000000        7.0639635783222646E-003
   40.550000000000004        7.0041818276433245E-003
   40.600000000000001        6.9446590423128396E-003
   40.650000000000006        6.8853951943484877E-003
   40.700000000000003        6.8263902560376493E-003
   40.750000000000000        6.7676441990338525E-003
   40.800000000000004        6.7091569950304287E-003
   40.850000000000001        6.6509286154939427E-003
   40.900000000000006        6.5929590314966306E-003
   40.950000000000003        6.5352482138977723E-003
   41.000000000000000        6.4777961333736317E-003
   41.050000000000004        6.4206027604641128E-003
   41.100000000000001        6.3636680655006338E-003
   41.150000000000006        6.3069920182389373E-003
   41.200000000000003        6.2505745885977062E-003
   41.250000000000000        6.1944157459203932E-003
   41.300000000000004        6.1385154595521782E-003
   41.350000000000001        6.0828736983996627E-003
   41.400000000000006        6.0274904312252950E-003
   41.450000000000003        5.9723656265721972E-003
   41.500000000000000        5.9174992525656252E-003
   41.550000000000004        5.8628912772159267E-003
   41.600000000000001        5.8085416682308027E-003
   41.650000000000006        5.7544503928891972E-003
   41.700000000000003        5.7006174183889145E-003
   41.750000000000000        5.6470427116788154E-003
   41.800000000000004        5.5937262392596705E-003
   41.850000000000001        5.5406679673244011E-003
   41.900000000000006        5.4878678619857480E-003
   41.950000000000003        5.4353258889020427E-003
   42.000000000000000        5.3830420136029037E-003
   42.050000000000004        5.3310162010716264E-003
   42.100000000000001        5.2792484161650038E-003
   42.150000000000006        5.2277386233257712E-003
   42.200000000000003        5.1764867868137436E-003
   42.250000000000000        5.1254928704872965E-003
   42.300000000000004        5.0747568379209892E-003
   42.350000000000001        5.0242786522871879E-003
   42.400000000000006        4.9740582765781458E-003
   42.450000000000003        4.9240956733151457E-003
   42.500000000000000        4.8743908046852578E-003
   42.550000000000004        4.8249436326364605E-003
   42.600000000000001        4.7757541186584807E-003
   42.650000000000006        4.7268222240135199E-003
   42.700000000000003        4.6781479094598630E-003
   42.750000000000000        4.6297311354798138E-003
   42.800000000000004        4.5815718623187776E-003
   42.850000000000001        4.5336700495800910E-003
   42.900000000000006        4.4860256566750948E-003
   42.950000000000003        4.4386386426075366E-003
   43.000000000000000        4.3915089659635146E-003
   43.050000000000004        4.3446365849787606E-003
   43.100000000000001        4.2980214574161414E-003
   43.150000000000006        4.2516635408207763E-003
   43.200000000000003        4.2055627920203204E-003
   43.250000000000000        4.1597191676938485E-003
   43.300000000000004        4.1141326240171361E-003
   43.350000000000001        4.0688031166819759E-003
   43.400000000000006        4.0237306010749464E-003
   43.450000000000003        3.9789150320641373E-003
   43.500000000000000        3.9343563640842636E-003
   43.550000000000004        3.8900545510999014E-003
   43.600000000000001        3.8460095465878809E-003
   43.650000000000006        3.8022213036787095E-003
   43.700000000000003        3.7586897749246682E-003
   43.750000000000000        3.7154149124483953E-003
   43.800000000000004        3.6723966679190769E-003
   43.850000000000001        3.6296349923800480E-003
   43.900000000000006        3.5871298365932505E-003
   43.950000000000003        3.5448811506194554E-003
   44.000000000000000        3.5028888840870904E-003
   44.050000000000004        3.4611529860678280E-003
   44.100000000000001        3.4196734051448298E-003
   44.150000000000006        3.3784500893692692E-003
   44.200000000000003        3.3374829862168379E-003
   44.250000000000000        3.2967720425180857E-003
   44.300000000000004        3.2563172047557257E-003
   44.350000000000001        3.2161184186469648E-003
   44.400000000000006        3.1761756293714636E-003
   44.450000000000003        3.1364887816154332E-003
   44.500000000000000        3.0970578192790715E-003
   44.550000000000004        3.0578826858738894E-003
   44.600000000000001        3.0189633241206565E-003
   44.650000000000006        2.9802996762056835E-003
   44.700000000000003        2.9418916835818650E-003
   44.750000000000000        2.9037392871362998E-003
   44.800000000000004        2.8658424270663692E-003
   44.850000000000001        2.8282010429164367E-003
   44.900000000000006        2.7908150734975304E-003
   44.950000000000003        2.7536844569157103E-003
   45.000000000000000        2.7168091306722223E-003
   45.050000000000004        2.6801890314404756E-003
   45.100000000000001        2.6438240952226123E-003
   45.150000000000006        2.6077142572500538E-003
   45.200000000000003        2.5718594520027600E-003
   45.250000000000000        2.5362596131836466E-003
   45.300000000000004        2.5009146737208338E-003
   45.350000000000001        2.4658245657384458E-003
   45.400000000000006        2.4309892205955116E-003
   45.450000000000003        2.3964085687499200E-003
   45.500000000000000        2.3620825398544768E-003
   45.550000000000004        2.3280110627388021E-003
   45.600000000000001        2.2941940653099201E-003
   45.650000000000006        2.2606314746004981E-003
   45.700000000000003        2.2273232167207657E-003
   45.750000000000000        2.1942692169441167E-003
   45.800000000000004        2.1614693995201904E-003
   45.850000000000001        2.1289236877714188E-003
   45.900000000000006        2.0966320040555720E-003
   45.950000000000003        2.0645942697433174E-003
   46.000000000000000        2.0328104051735890E-003
   46.050000000000004        2.0012803296694422E-003
   46.100000000000001        1.9700039615393205E-003
   46.150000000000006        1.9389812179673800E-003
   46.200000000000003        1.9082120150792851E-003
   46.250000000000000        1.8776962678823069E-003
   46.300000000000004        1.8474338902528952E-003
   46.350000000000001        1.8174247949102810E-003
   46.400000000000006        1.7876688934101491E-003
   46.450000000000003        1.7581660960869208E-003
   46.500000000000000        1.7289163120687047E-003
   46.550000000000004        1.6999194492085693E-003
   46.600000000000001        1.6711754140984970E-003
   46.650000000000006        1.6426841120130787E-003
   46.700000000000003        1.6144454469468261E-003
   46.750000000000000        1.5864593214764339E-003
   46.800000000000004        1.5587256368111816E-003
   46.850000000000001        1.5312442927401056E-003
   46.900000000000006        1.5040151876218118E-003
   46.950000000000003        1.4770382183292795E-003
   47.000000000000000        1.4503132802059099E-003
   47.050000000000004        1.4238402670835473E-003
   47.100000000000001        1.3976190712123029E-003
   47.150000000000006        1.3716495832164170E-003
   47.200000000000003        1.3459316920555792E-003
   47.250000000000000        1.3204652850434314E-003
   47.300000000000004        1.2952502477493520E-003
   47.350000000000001        1.2702864639849753E-003
   47.400000000000006        1.2455738157512825E-003
   47.450000000000003        1.2211121831908795E-003
   47.500000000000000        1.1969014445716052E-003
   47.550000000000004        1.1729414762356141E-003
   47.600000000000001        1.1492321525211752E-003
   47.650000000000006        1.1257733457479466E-003
   47.700000000000003        1.1025649261742507E-003
   47.750000000000000        1.0796067618968424E-003
   47.800000000000004        1.0568987188494632E-003
   47.850000000000001        1.0344406607201296E-003
   47.900000000000006        1.0122324489051494E-003
   47.950000000000003        9.9027394244801249E-004
   48.000000000000000        9.6856499799697878E-004
   48.050000000000004        9.4710546969299463E-004
   48.100000000000001        9.2589520916546266E-004
   48.150000000000006        9.0493406541444028E-004
   48.200000000000003        8.8422188478994837E-004
   48.250000000000000        8.6375851086239086E-004
   48.300000000000004        8.4354378438898983E-004
   48.350000000000001        8.2357754322809904E-004
   48.400000000000006        8.0385962225779301E-004
   48.450000000000003        7.8438985328179583E-004
   48.500000000000000        7.6516806495385543E-004
   48.550000000000004        7.4619408267741769E-004
   48.600000000000001        7.2746772851618291E-004
   48.650000000000006        7.0898882110387101E-004
   48.700000000000003        6.9075717552556410E-004
   48.750000000000000        6.7277260322676983E-004
   48.800000000000004        6.5503491188757855E-004
   48.850000000000001        6.3754390531338358E-004
   48.900000000000006        6.2029938332721594E-004
   48.950000000000003        6.0330114161709174E-004
   49.000000000000000        5.8654897162662074E-004
   49.050000000000004        5.7004266040164135E-004
   49.100000000000001        5.5378199046133127E-004
   49.150000000000006        5.3776673963288496E-004
   49.200000000000003        5.2199668090095687E-004
   49.250000000000000        5.0647158223680530E-004
   49.300000000000004        4.9119120643539599E-004
   49.350000000000001        4.7615531092175099E-004
   49.400000000000006        4.6136364755776480E-004
   49.450000000000003        4.4681596245451125E-004
   49.500000000000000        4.3251199574703957E-004
   49.550000000000004        4.1845148137653355E-004
   49.600000000000001        4.0463414685217036E-004
   49.650000000000006        3.9105971300753357E-004
   49.700000000000003        3.7772789373312837E-004
   49.750000000000000        3.6463839570702094E-004
   49.800000000000004        3.5179091809061307E-004
   49.850000000000001        3.3918515222914339E-004
   49.900000000000006        3.2682078131269707E-004
   49.950000000000003        3.1469748003767531E-004
   50.000000000000000        3.0281491422699033E-004
   50.050000000000004        2.9117274044175221E-004
   50.100000000000001        2.7977060555290474E-004
   50.150000000000006        2.6860814630300529E-004
   50.200000000000003        2.5768498881648003E-004
   50.250000000000000        2.4700074809878473E-004
   50.300000000000004        2.3655502747910837E-004
   50.350000000000001        2.2634741802972212E-004
   50.400000000000006        2.1637749792673697E-004
   50.450000000000003        2.0664483177779299E-004
   50.500000000000000        1.9714896988668766E-004
   50.550000000000004        1.8788944746499567E-004
   50.600000000000001        1.7886578377675691E-004
   50.650000000000006        1.7007748121510054E-004
   50.700000000000003        1.6152402429574035E-004
   50.750000000000000        1.5320487856837698E-004
   50.800000000000004        1.4511948942552843E-004
   50.850000000000001        1.3726728080199458E-004
   50.900000000000006        1.2964765375735851E-004
   50.950000000000003        1.2225998491363871E-004
   51.000000000000000        1.1510362474239184E-004
   51.050000000000004        1.0817789567502984E-004
   51.100000000000001        1.0148209001374443E-004
   51.150000000000006        9.5015467619356984E-005
   51.200000000000003        8.8777253338753574E-005
   51.250000000000000        8.2766634140110675E-005
   51.300000000000004        7.6982755910290406E-005
   51.350000000000001        7.1424719861034781E-005
   51.400000000000006        6.6091578489626998E-005
   51.450000000000003        6.0982331014260686E-005
   51.500000000000000        5.6095918203726198E-005
   51.550000000000004        5.1431216495500552E-005
   51.600000000000001        4.6987031278215501E-005
   51.650000000000006        4.2762089188337537E-005
   51.700000000000003        3.8755029236723601E-005
   51.750000000000000        3.4964392541052905E-005
   51.800000000000004        3.1388610385943482E-005
   51.850000000000001        2.8025990268564171E-005
   51.900000000000006        2.4874699502352742E-005
   51.950000000000003        2.1932745841254662E-005
   52.000000000000000        1.9197954447983494E-005
   52.050000000000004        1.6667940344870003E-005
   52.100000000000001        1.4340075247491606E-005
   52.150000000000006        1.2211447366808417E-005
   52.200000000000003        1.0278812355789762E-005
   52.250000000000000        8.5385330451241081E-006
   52.300000000000004        6.9865049395190637E-006
   52.350000000000001        5.6180636404981035E-006
